10 133120 133120 10 0.0
20 266240 266240 20 0.0
30 399360 399360 30 0.0
40 532480 532480 40 0.0
50 665600 665600 50 0.0
60 798720 798720 60 0.0
70 931840 931840 70 0.0
80 1064960 1064960 80 0.0
90 1198080 1198080 90 0.0
100 1331200 1331200 100 0.0
110 1464320 1464320 110 0.0
120 1597440 1597440 120 0.0
130 1730560 1730560 130 0.0
140 1863680 1863680 140 0.0
150 1996800 1996800 150 0.0
160 2129920 2129920 160 0.0
170 2263040 2263040 170 0.0
180 2396160 2396160 180 0.0
190 2529280 2529280 190 0.0
200 2662400 2662400 200 0.0
210 2795520 2795520 210 0.0
220 2928640 2928640 220 0.0
230 3061760 3061760 230 0.0
240 3194880 3194880 240 0.0
250 3328000 3328000 250 0.1
260 3461120 3461120 260 0.3
270 3594240 3594240 270 0.0
280 3727360 3727360 280 0.1
290 3860480 3860480 290 0.3
300 3993600 3993600 300 2.0
310 4126720 4126720 310 0.6
320 4259840 4259840 320 0.6
330 4392960 4392960 330 1.4
340 4526080 4526080 340 4.8
350 4659200 4659200 350 8.5
360 4792320 4792320 360 7.0
370 4925440 4925440 370 11.0
380 5058560 5058560 380 7.7
390 5191680 5191680 390 17.0
400 5324800 5324800 400 35.4
410 5457920 5457920 410 9.4
420 5591040 5591040 420 12.6
430 5724160 5724160 430 11.1
440 5857280 5857280 440 32.4
450 5990400 5990400 450 21.6
460 6123520 6123520 460 28.4
470 6256640 6256640 470 30.8
480 6389760 6389760 480 10.4
490 6522880 6522880 490 16.6
500 6656000 6656000 500 6.5
510 6789120 6789120 510 35.7
520 6922240 6922240 520 4.7
530 7055360 7055360 530 4.0
540 7188480 7188480 540 5.1
550 7321600 7321600 550 7.0
560 7454720 7454720 560 23.2
570 7587840 7587840 570 5.2
580 7720960 7720960 580 2.9
590 7854080 7854080 590 6.2
600 7987200 7987200 600 2.8
610 8120320 8120320 610 8.5
620 8253440 8253440 620 11.0
630 8386560 8386560 630 6.6
640 8519680 8519680 640 8.3
650 8652800 8652800 650 1.1
660 8785920 8785920 660 3.5
670 8919040 8919040 670 0.6
680 9052160 9052160 680 9.8
690 9185280 9185280 690 3.2
700 9318400 9318400 700 9.1
710 9451520 9451520 710 2.8
720 9584640 9584640 720 3.9
730 9717760 9717760 730 6.8
740 9850880 9850880 740 9.1
750 9984000 9984000 750 9.2
760 10117120 10117120 760 2.8
770 10250240 10250240 770 3.3
780 10383360 10383360 780 3.2
790 10516480 10516480 790 6.8
800 10649600 10649600 800 4.8
810 10782720 10782720 810 8.3
820 10915840 10915840 820 9.5
830 11048960 11048960 830 10.8
840 11182080 11182080 840 5.3
850 11315200 11315200 850 8.1
860 11448320 11448320 860 6.4
870 11581440 11581440 870 6.3
880 11714560 11714560 880 9.5
890 11847680 11847680 890 4.8
900 11980800 11980800 900 7.6
910 12113920 12113920 910 17.4
920 12247040 12247040 920 11.5
930 12380160 12380160 930 9.4
940 12513280 12513280 940 3.6
950 12646400 12646400 950 9.6
960 12779520 12779520 960 5.5
970 12912640 12912640 970 5.0
980 13045760 13045760 980 2.4
990 13178880 13178880 990 6.7
1000 13312000 13312000 1000 8.0
1010 13445120 13445120 1010 6.5
1020 13578240 13578240 1020 6.2
1030 13711360 13711360 1030 12.1
1040 13844480 13844480 1040 8.2
1050 13977600 13977600 1050 3.3
1060 14110720 14110720 1060 3.5
1070 14243840 14243840 1070 10.7
1080 14376960 14376960 1080 5.4
1090 14510080 14510080 1090 4.2
1100 14643200 14643200 1100 7.0
1110 14776320 14776320 1110 7.1
1120 14909440 14909440 1120 3.9
1130 15042560 15042560 1130 9.1
1140 15175680 15175680 1140 3.7
1150 15308800 15308800 1150 12.9
1160 15441920 15441920 1160 2.3
1170 15575040 15575040 1170 13.5
1180 15708160 15708160 1180 10.4
1190 15841280 15841280 1190 12.5
1200 15974400 15974400 1200 18.1
1210 16107520 16107520 1210 6.5
1220 16240640 16240640 1220 4.3
1230 16373760 16373760 1230 10.3
1240 16506880 16506880 1240 4.4
1250 16640000 16640000 1250 6.9
1260 16773120 16773120 1260 7.6
1270 16906240 16906240 1270 8.4
1280 17039360 17039360 1280 7.1
1290 17172480 17172480 1290 12.5
1300 17305600 17305600 1300 5.6
1310 17438720 17438720 1310 9.5
1320 17571840 17571840 1320 10.3
1330 17704960 17704960 1330 8.3
1340 17838080 17838080 1340 11.3
1350 17971200 17971200 1350 11.2
1360 18104320 18104320 1360 10.7
1370 18237440 18237440 1370 11.4
1380 18370560 18370560 1380 12.3
1390 18503680 18503680 1390 14.0
1400 18636800 18636800 1400 8.4
1410 18769920 18769920 1410 9.3
1420 18903040 18903040 1420 6.2
1430 19036160 19036160 1430 7.4
1440 19169280 19169280 1440 8.3
1450 19302400 19302400 1450 4.9
1460 19435520 19435520 1460 4.7
1470 19568640 19568640 1470 5.9
1480 19701760 19701760 1480 6.0
1490 19834880 19834880 1490 5.3
1500 19968000 19968000 1500 11.6
1510 20101120 20101120 1510 8.0
1520 20234240 20234240 1520 8.8
1530 20367360 20367360 1530 6.9
1540 20500480 20500480 1540 10.1
1550 20633600 20633600 1550 7.0
1560 20766720 20766720 1560 17.4
1570 20899840 20899840 1570 10.2
1580 21032960 21032960 1580 6.6
1590 21166080 21166080 1590 8.1
1600 21299200 21299200 1600 7.7
1610 21432320 21432320 1610 9.8
1620 21565440 21565440 1620 10.3
1630 21698560 21698560 1630 5.8
1640 21831680 21831680 1640 15.0
1650 21964800 21964800 1650 13.9
1660 22097920 22097920 1660 5.4
1670 22231040 22231040 1670 14.9
1680 22364160 22364160 1680 8.1
1690 22497280 22497280 1690 12.5
1700 22630400 22630400 1700 14.0
1710 22763520 22763520 1710 6.8
1720 22896640 22896640 1720 9.7
1730 23029760 23029760 1730 2.7
1740 23162880 23162880 1740 2.7
1750 23296000 23296000 1750 8.3
1760 23429120 23429120 1760 13.6
1770 23562240 23562240 1770 10.4
1780 23695360 23695360 1780 2.9
1790 23828480 23828480 1790 10.0
1800 23961600 23961600 1800 7.8
1810 24094720 24094720 1810 7.0
1820 24227840 24227840 1820 6.5
1830 24360960 24360960 1830 5.2
1840 24494080 24494080 1840 12.2
1850 24627200 24627200 1850 3.9
1860 24760320 24760320 1860 13.4
1870 24893440 24893440 1870 3.7
1880 25026560 25026560 1880 12.6
1890 25159680 25159680 1890 10.3
1900 25292800 25292800 1900 3.9
1910 25425920 25425920 1910 4.6
1920 25559040 25559040 1920 7.5
1930 25692160 25692160 1930 14.1
1940 25825280 25825280 1940 16.1
1950 25958400 25958400 1950 6.7
1960 26091520 26091520 1960 7.8
1970 26224640 26224640 1970 10.5
1980 26357760 26357760 1980 9.5
1990 26490880 26490880 1990 10.8
2000 26624000 26624000 2000 5.2
2010 26757120 26757120 2010 7.7
2020 26890240 26890240 2020 15.1
2030 27023360 27023360 2030 10.6
2040 27156480 27156480 2040 15.0
2050 27289600 27289600 2050 16.3
2060 27422720 27422720 2060 17.7
2070 27555840 27555840 2070 15.1
2080 27688960 27688960 2080 5.5
2090 27822080 27822080 2090 8.0
2100 27955200 27955200 2100 10.5
2110 28088320 28088320 2110 14.0
2120 28221440 28221440 2120 4.1
2130 28354560 28354560 2130 7.8
2140 28487680 28487680 2140 6.6
2150 28620800 28620800 2150 6.6
2160 28753920 28753920 2160 7.1
2170 28887040 28887040 2170 15.7
2180 29020160 29020160 2180 10.3
2190 29153280 29153280 2190 19.4
2200 29286400 29286400 2200 0.7
2210 29419520 29419520 2210 7.4
2220 29552640 29552640 2220 8.9
2230 29685760 29685760 2230 7.1
2240 29818880 29818880 2240 11.9
2250 29952000 29952000 2250 8.6
2260 30085120 30085120 2260 6.9
2270 30218240 30218240 2270 9.5
2280 30351360 30351360 2280 15.0
2290 30484480 30484480 2290 11.8
2300 30617600 30617600 2300 10.7
2310 30750720 30750720 2310 6.5
2320 30883840 30883840 2320 12.2
2330 31016960 31016960 2330 16.5
2340 31150080 31150080 2340 3.9
2350 31283200 31283200 2350 9.3
2360 31416320 31416320 2360 17.6
2370 31549440 31549440 2370 12.3
2380 31682560 31682560 2380 8.2
2390 31815680 31815680 2390 14.5
