1 13312 13312 1 0.0
2 26624 26624 2 0.0
3 39936 39936 3 0.0
4 53248 53248 4 0.0
5 66560 66560 5 0.0
6 79872 79872 6 0.0
7 93184 93184 7 0.0
8 106496 106496 8 0.0
9 119808 119808 9 0.0
10 133120 133120 10 0.0
11 146432 146432 11 0.0
12 159744 159744 12 0.0
13 173056 173056 13 0.0
14 186368 186368 14 0.0
15 199680 199680 15 0.0
16 212992 212992 16 0.0
17 226304 226304 17 0.0
18 239616 239616 18 0.0
19 252928 252928 19 0.0
20 266240 266240 20 0.0
21 279552 279552 21 0.0
22 292864 292864 22 0.0
23 306176 306176 23 0.0
24 319488 319488 24 0.0
25 332800 332800 25 0.0
26 346112 346112 26 0.0
27 359424 359424 27 0.0
28 372736 372736 28 0.0
29 386048 386048 29 0.0
30 399360 399360 30 0.0
31 412672 412672 31 0.0
32 425984 425984 32 0.0
33 439296 439296 33 0.0
34 452608 452608 34 0.0
35 465920 465920 35 0.0
36 479232 479232 36 0.0
37 492544 492544 37 0.0
38 505856 505856 38 0.0
39 519168 519168 39 0.0
40 532480 532480 40 0.0
41 545792 545792 41 0.0
42 559104 559104 42 0.0
43 572416 572416 43 0.0
44 585728 585728 44 0.0
45 599040 599040 45 0.0
46 612352 612352 46 0.0
47 625664 625664 47 0.0
48 638976 638976 48 0.0
49 652288 652288 49 0.0
50 665600 665600 50 0.0
51 678912 678912 51 0.0
52 692224 692224 52 0.0
53 705536 705536 53 0.0
54 718848 718848 54 0.0
55 732160 732160 55 0.0
56 745472 745472 56 0.0
57 758784 758784 57 0.0
58 772096 772096 58 0.0
59 785408 785408 59 0.0
60 798720 798720 60 0.0
61 812032 812032 61 0.0
62 825344 825344 62 0.0
63 838656 838656 63 0.0
64 851968 851968 64 0.0
65 865280 865280 65 0.0
66 878592 878592 66 0.0
67 891904 891904 67 0.0
68 905216 905216 68 0.0
69 918528 918528 69 0.0
70 931840 931840 70 0.0
71 945152 945152 71 0.0
72 958464 958464 72 0.0
73 971776 971776 73 0.0
74 985088 985088 74 0.0
75 998400 998400 75 0.0
76 1011712 1011712 76 0.0
77 1025024 1025024 77 0.0
78 1038336 1038336 78 0.0
79 1051648 1051648 79 0.0
80 1064960 1064960 80 0.0
81 1078272 1078272 81 0.0
82 1091584 1091584 82 0.0
83 1104896 1104896 83 0.0
84 1118208 1118208 84 0.0
85 1131520 1131520 85 0.0
86 1144832 1144832 86 0.0
87 1158144 1158144 87 0.0
88 1171456 1171456 88 0.0
89 1184768 1184768 89 0.0
90 1198080 1198080 90 0.0
91 1211392 1211392 91 0.0
92 1224704 1224704 92 0.0
93 1238016 1238016 93 0.0
94 1251328 1251328 94 0.0
95 1264640 1264640 95 0.0
96 1277952 1277952 96 0.0
97 1291264 1291264 97 0.0
98 1304576 1304576 98 0.0
99 1317888 1317888 99 0.0
100 1331200 1331200 100 0.0
101 1344512 1344512 101 0.0
102 1357824 1357824 102 0.0
103 1371136 1371136 103 0.0
104 1384448 1384448 104 0.0
105 1397760 1397760 105 0.0
106 1411072 1411072 106 0.0
107 1424384 1424384 107 0.0
108 1437696 1437696 108 0.0
109 1451008 1451008 109 0.0
110 1464320 1464320 110 0.0
111 1477632 1477632 111 0.0
112 1490944 1490944 112 0.0
113 1504256 1504256 113 0.0
114 1517568 1517568 114 0.0
115 1530880 1530880 115 0.0
116 1544192 1544192 116 0.0
117 1557504 1557504 117 0.0
118 1570816 1570816 118 0.0
119 1584128 1584128 119 0.0
120 1597440 1597440 120 0.0
121 1610752 1610752 121 0.0
122 1624064 1624064 122 0.0
123 1637376 1637376 123 0.0
124 1650688 1650688 124 0.0
125 1664000 1664000 125 0.0
126 1677312 1677312 126 0.0
127 1690624 1690624 127 0.0
128 1703936 1703936 128 0.0
129 1717248 1717248 129 0.0
130 1730560 1730560 130 0.0
131 1743872 1743872 131 0.0
132 1757184 1757184 132 0.0
133 1770496 1770496 133 0.0
134 1783808 1783808 134 0.0
135 1797120 1797120 135 0.0
136 1810432 1810432 136 0.0
137 1823744 1823744 137 0.0
138 1837056 1837056 138 0.0
139 1850368 1850368 139 0.0
140 1863680 1863680 140 0.0
141 1876992 1876992 141 0.0
142 1890304 1890304 142 0.0
143 1903616 1903616 143 0.0
144 1916928 1916928 144 0.0
145 1930240 1930240 145 0.0
146 1943552 1943552 146 0.0
147 1956864 1956864 147 0.0
148 1970176 1970176 148 0.0
149 1983488 1983488 149 0.0
150 1996800 1996800 150 0.0
151 2010112 2010112 151 0.0
152 2023424 2023424 152 0.0
153 2036736 2036736 153 0.0
154 2050048 2050048 154 0.0
155 2063360 2063360 155 0.0
156 2076672 2076672 156 0.0
157 2089984 2089984 157 0.0
158 2103296 2103296 158 0.0
159 2116608 2116608 159 0.0
160 2129920 2129920 160 0.0
161 2143232 2143232 161 0.0
162 2156544 2156544 162 0.0
163 2169856 2169856 163 0.0
164 2183168 2183168 164 0.0
165 2196480 2196480 165 0.0
166 2209792 2209792 166 0.0
167 2223104 2223104 167 0.0
168 2236416 2236416 168 0.0
169 2249728 2249728 169 0.0
170 2263040 2263040 170 0.0
171 2276352 2276352 171 0.0
172 2289664 2289664 172 0.0
173 2302976 2302976 173 0.0
174 2316288 2316288 174 0.0
175 2329600 2329600 175 0.0
176 2342912 2342912 176 0.0
177 2356224 2356224 177 0.0
178 2369536 2369536 178 0.0
179 2382848 2382848 179 0.0
180 2396160 2396160 180 0.0
181 2409472 2409472 181 0.0
182 2422784 2422784 182 0.0
183 2436096 2436096 183 0.0
184 2449408 2449408 184 0.0
185 2462720 2462720 185 0.0
186 2476032 2476032 186 0.0
187 2489344 2489344 187 0.0
188 2502656 2502656 188 0.0
189 2515968 2515968 189 0.0
190 2529280 2529280 190 0.0
191 2542592 2542592 191 0.0
192 2555904 2555904 192 0.0
193 2569216 2569216 193 0.0
194 2582528 2582528 194 0.0
195 2595840 2595840 195 0.0
196 2609152 2609152 196 0.0
197 2622464 2622464 197 0.0
198 2635776 2635776 198 0.0
199 2649088 2649088 199 0.0
200 2662400 2662400 200 0.0
201 2675712 2675712 201 0.0
202 2689024 2689024 202 0.0
203 2702336 2702336 203 0.0
204 2715648 2715648 204 0.0
205 2728960 2728960 205 0.0
206 2742272 2742272 206 0.0
207 2755584 2755584 207 0.0
208 2768896 2768896 208 0.0
209 2782208 2782208 209 0.0
210 2795520 2795520 210 0.0
211 2808832 2808832 211 0.0
212 2822144 2822144 212 0.0
213 2835456 2835456 213 0.0
214 2848768 2848768 214 0.0
215 2862080 2862080 215 0.0
216 2875392 2875392 216 0.0
217 2888704 2888704 217 0.0
218 2902016 2902016 218 0.0
219 2915328 2915328 219 0.0
220 2928640 2928640 220 0.0
221 2941952 2941952 221 0.0
222 2955264 2955264 222 0.0
223 2968576 2968576 223 0.0
224 2981888 2981888 224 0.0
225 2995200 2995200 225 0.0
226 3008512 3008512 226 0.0
227 3021824 3021824 227 0.0
228 3035136 3035136 228 0.0
229 3048448 3048448 229 0.0
230 3061760 3061760 230 0.0
231 3075072 3075072 231 0.0
232 3088384 3088384 232 0.0
233 3101696 3101696 233 0.0
234 3115008 3115008 234 0.0
235 3128320 3128320 235 0.0
236 3141632 3141632 236 0.0
237 3154944 3154944 237 0.0
238 3168256 3168256 238 0.0
239 3181568 3181568 239 0.0
240 3194880 3194880 240 0.0
241 3208192 3208192 241 0.0
242 3221504 3221504 242 0.0
243 3234816 3234816 243 0.0
244 3248128 3248128 244 0.0
245 3261440 3261440 245 1.0
246 3274752 3274752 246 0.0
247 3288064 3288064 247 0.0
248 3301376 3301376 248 0.0
249 3314688 3314688 249 0.0
250 3328000 3328000 250 0.0
251 3341312 3341312 251 0.0
252 3354624 3354624 252 0.0
253 3367936 3367936 253 0.0
254 3381248 3381248 254 0.0
255 3394560 3394560 255 3.0
256 3407872 3407872 256 0.0
257 3421184 3421184 257 0.0
258 3434496 3434496 258 0.0
259 3447808 3447808 259 0.0
260 3461120 3461120 260 0.0
261 3474432 3474432 261 0.0
262 3487744 3487744 262 0.0
263 3501056 3501056 263 0.0
264 3514368 3514368 264 0.0
265 3527680 3527680 265 0.0
266 3540992 3540992 266 0.0
267 3554304 3554304 267 0.0
268 3567616 3567616 268 0.0
269 3580928 3580928 269 0.0
270 3594240 3594240 270 0.0
271 3607552 3607552 271 0.0
272 3620864 3620864 272 0.0
273 3634176 3634176 273 0.0
274 3647488 3647488 274 0.0
275 3660800 3660800 275 0.0
276 3674112 3674112 276 1.0
277 3687424 3687424 277 0.0
278 3700736 3700736 278 0.0
279 3714048 3714048 279 0.0
280 3727360 3727360 280 0.0
281 3740672 3740672 281 0.0
282 3753984 3753984 282 0.0
283 3767296 3767296 283 0.0
284 3780608 3780608 284 0.0
285 3793920 3793920 285 0.0
286 3807232 3807232 286 0.0
287 3820544 3820544 287 0.0
288 3833856 3833856 288 0.0
289 3847168 3847168 289 3.0
290 3860480 3860480 290 0.0
291 3873792 3873792 291 2.0
292 3887104 3887104 292 0.0
293 3900416 3900416 293 14.0
294 3913728 3913728 294 0.0
295 3927040 3927040 295 0.0
296 3940352 3940352 296 0.0
297 3953664 3953664 297 0.0
298 3966976 3966976 298 0.0
299 3980288 3980288 299 0.0
300 3993600 3993600 300 4.0
301 4006912 4006912 301 0.0
302 4020224 4020224 302 1.0
303 4033536 4033536 303 0.0
304 4046848 4046848 304 0.0
305 4060160 4060160 305 0.0
306 4073472 4073472 306 0.0
307 4086784 4086784 307 0.0
308 4100096 4100096 308 0.0
309 4113408 4113408 309 5.0
310 4126720 4126720 310 0.0
311 4140032 4140032 311 0.0
312 4153344 4153344 312 0.0
313 4166656 4166656 313 0.0
314 4179968 4179968 314 0.0
315 4193280 4193280 315 0.0
316 4206592 4206592 316 0.0
317 4219904 4219904 317 0.0
318 4233216 4233216 318 0.0
319 4246528 4246528 319 6.0
320 4259840 4259840 320 0.0
321 4273152 4273152 321 0.0
322 4286464 4286464 322 1.0
323 4299776 4299776 323 0.0
324 4313088 4313088 324 0.0
325 4326400 4326400 325 0.0
326 4339712 4339712 326 0.0
327 4353024 4353024 327 2.0
328 4366336 4366336 328 0.0
329 4379648 4379648 329 9.0
330 4392960 4392960 330 2.0
331 4406272 4406272 331 0.0
332 4419584 4419584 332 0.0
333 4432896 4432896 333 15.0
334 4446208 4446208 334 6.0
335 4459520 4459520 335 3.0
336 4472832 4472832 336 3.0
337 4486144 4486144 337 2.0
338 4499456 4499456 338 11.0
339 4512768 4512768 339 2.0
340 4526080 4526080 340 6.0
341 4539392 4539392 341 9.0
342 4552704 4552704 342 0.0
343 4566016 4566016 343 16.0
344 4579328 4579328 344 0.0
345 4592640 4592640 345 9.0
346 4605952 4605952 346 7.0
347 4619264 4619264 347 1.0
348 4632576 4632576 348 0.0
349 4645888 4645888 349 3.0
350 4659200 4659200 350 40.0
351 4672512 4672512 351 14.0
352 4685824 4685824 352 3.0
353 4699136 4699136 353 0.0
354 4712448 4712448 354 0.0
355 4725760 4725760 355 10.0
356 4739072 4739072 356 27.0
357 4752384 4752384 357 13.0
358 4765696 4765696 358 0.0
359 4779008 4779008 359 3.0
360 4792320 4792320 360 0.0
361 4805632 4805632 361 0.0
362 4818944 4818944 362 8.0
363 4832256 4832256 363 0.0
364 4845568 4845568 364 27.0
365 4858880 4858880 365 32.0
366 4872192 4872192 366 0.0
367 4885504 4885504 367 0.0
368 4898816 4898816 368 0.0
369 4912128 4912128 369 0.0
370 4925440 4925440 370 43.0
371 4938752 4938752 371 8.0
372 4952064 4952064 372 2.0
373 4965376 4965376 373 9.0
374 4978688 4978688 374 1.0
375 4992000 4992000 375 11.0
376 5005312 5005312 376 2.0
377 5018624 5018624 377 2.0
378 5031936 5031936 378 14.0
379 5045248 5045248 379 8.0
380 5058560 5058560 380 20.0
381 5071872 5071872 381 10.0
382 5085184 5085184 382 19.0
383 5098496 5098496 383 0.0
384 5111808 5111808 384 1.0
385 5125120 5125120 385 0.0
386 5138432 5138432 386 0.0
387 5151744 5151744 387 43.0
388 5165056 5165056 388 14.0
389 5178368 5178368 389 46.0
390 5191680 5191680 390 37.0
391 5204992 5204992 391 6.0
392 5218304 5218304 392 16.0
393 5231616 5231616 393 89.0
394 5244928 5244928 394 14.0
395 5258240 5258240 395 80.0
396 5271552 5271552 396 7.0
397 5284864 5284864 397 28.0
398 5298176 5298176 398 114.0
399 5311488 5311488 399 0.0
400 5324800 5324800 400 0.0
401 5338112 5338112 401 0.0
402 5351424 5351424 402 16.0
403 5364736 5364736 403 50.0
404 5378048 5378048 404 0.0
405 5391360 5391360 405 0.0
406 5404672 5404672 406 0.0
407 5417984 5417984 407 16.0
408 5431296 5431296 408 12.0
409 5444608 5444608 409 0.0
410 5457920 5457920 410 0.0
411 5471232 5471232 411 6.0
412 5484544 5484544 412 0.0
413 5497856 5497856 413 33.0
414 5511168 5511168 414 0.0
415 5524480 5524480 415 0.0
416 5537792 5537792 416 3.0
417 5551104 5551104 417 5.0
418 5564416 5564416 418 11.0
419 5577728 5577728 419 42.0
420 5591040 5591040 420 26.0
421 5604352 5604352 421 22.0
422 5617664 5617664 422 0.0
423 5630976 5630976 423 0.0
424 5644288 5644288 424 20.0
425 5657600 5657600 425 33.0
426 5670912 5670912 426 6.0
427 5684224 5684224 427 17.0
428 5697536 5697536 428 6.0
429 5710848 5710848 429 0.0
430 5724160 5724160 430 7.0
431 5737472 5737472 431 28.0
432 5750784 5750784 432 63.0
433 5764096 5764096 433 82.0
434 5777408 5777408 434 7.0
435 5790720 5790720 435 49.0
436 5804032 5804032 436 6.0
437 5817344 5817344 437 44.0
438 5830656 5830656 438 45.0
439 5843968 5843968 439 0.0
440 5857280 5857280 440 0.0
441 5870592 5870592 441 0.0
442 5883904 5883904 442 12.0
443 5897216 5897216 443 0.0
444 5910528 5910528 444 9.0
445 5923840 5923840 445 0.0
446 5937152 5937152 446 43.0
447 5950464 5950464 447 70.0
448 5963776 5963776 448 49.0
449 5977088 5977088 449 33.0
450 5990400 5990400 450 0.0
451 6003712 6003712 451 28.0
452 6017024 6017024 452 0.0
453 6030336 6030336 453 0.0
454 6043648 6043648 454 0.0
455 6056960 6056960 455 8.0
456 6070272 6070272 456 12.0
457 6083584 6083584 457 6.0
458 6096896 6096896 458 63.0
459 6110208 6110208 459 88.0
460 6123520 6123520 460 79.0
461 6136832 6136832 461 36.0
462 6150144 6150144 462 4.0
463 6163456 6163456 463 59.0
464 6176768 6176768 464 25.0
465 6190080 6190080 465 0.0
466 6203392 6203392 466 0.0
467 6216704 6216704 467 23.0
468 6230016 6230016 468 103.0
469 6243328 6243328 469 1.0
470 6256640 6256640 470 57.0
471 6269952 6269952 471 61.0
472 6283264 6283264 472 0.0
473 6296576 6296576 473 11.0
474 6309888 6309888 474 5.0
475 6323200 6323200 475 2.0
476 6336512 6336512 476 1.0
477 6349824 6349824 477 1.0
478 6363136 6363136 478 0.0
479 6376448 6376448 479 23.0
480 6389760 6389760 480 0.0
481 6403072 6403072 481 0.0
482 6416384 6416384 482 17.0
483 6429696 6429696 483 36.0
484 6443008 6443008 484 0.0
485 6456320 6456320 485 39.0
486 6469632 6469632 486 0.0
487 6482944 6482944 487 21.0
488 6496256 6496256 488 14.0
489 6509568 6509568 489 7.0
490 6522880 6522880 490 32.0
491 6536192 6536192 491 0.0
492 6549504 6549504 492 5.0
493 6562816 6562816 493 0.0
494 6576128 6576128 494 12.0
495 6589440 6589440 495 0.0
496 6602752 6602752 496 21.0
497 6616064 6616064 497 9.0
498 6629376 6629376 498 0.0
499 6642688 6642688 499 6.0
500 6656000 6656000 500 12.0
501 6669312 6669312 501 103.0
502 6682624 6682624 502 57.0
503 6695936 6695936 503 88.0
504 6709248 6709248 504 7.0
505 6722560 6722560 505 19.0
506 6735872 6735872 506 45.0
507 6749184 6749184 507 0.0
508 6762496 6762496 508 0.0
509 6775808 6775808 509 38.0
510 6789120 6789120 510 0.0
511 6802432 6802432 511 1.0
512 6815744 6815744 512 0.0
513 6829056 6829056 513 0.0
514 6842368 6842368 514 4.0
515 6855680 6855680 515 40.0
516 6868992 6868992 516 0.0
517 6882304 6882304 517 0.0
518 6895616 6895616 518 0.0
519 6908928 6908928 519 2.0
520 6922240 6922240 520 0.0
521 6935552 6935552 521 0.0
522 6948864 6948864 522 0.0
523 6962176 6962176 523 0.0
524 6975488 6975488 524 10.0
525 6988800 6988800 525 0.0
526 7002112 7002112 526 0.0
527 7015424 7015424 527 0.0
528 7028736 7028736 528 0.0
529 7042048 7042048 529 25.0
530 7055360 7055360 530 5.0
531 7068672 7068672 531 0.0
532 7081984 7081984 532 0.0
533 7095296 7095296 533 0.0
534 7108608 7108608 534 13.0
535 7121920 7121920 535 2.0
536 7135232 7135232 536 0.0
537 7148544 7148544 537 19.0
538 7161856 7161856 538 0.0
539 7175168 7175168 539 4.0
540 7188480 7188480 540 13.0
541 7201792 7201792 541 0.0
542 7215104 7215104 542 0.0
543 7228416 7228416 543 9.0
544 7241728 7241728 544 2.0
545 7255040 7255040 545 8.0
546 7268352 7268352 546 15.0
547 7281664 7281664 547 2.0
548 7294976 7294976 548 0.0
549 7308288 7308288 549 32.0
550 7321600 7321600 550 2.0
551 7334912 7334912 551 8.0
552 7348224 7348224 552 44.0
553 7361536 7361536 553 4.0
554 7374848 7374848 554 45.0
555 7388160 7388160 555 48.0
556 7401472 7401472 556 6.0
557 7414784 7414784 557 0.0
558 7428096 7428096 558 19.0
559 7441408 7441408 559 51.0
560 7454720 7454720 560 7.0
561 7468032 7468032 561 0.0
562 7481344 7481344 562 0.0
563 7494656 7494656 563 0.0
564 7507968 7507968 564 18.0
565 7521280 7521280 565 25.0
566 7534592 7534592 566 4.0
567 7547904 7547904 567 0.0
568 7561216 7561216 568 1.0
569 7574528 7574528 569 1.0
570 7587840 7587840 570 3.0
571 7601152 7601152 571 0.0
572 7614464 7614464 572 0.0
573 7627776 7627776 573 10.0
574 7641088 7641088 574 0.0
575 7654400 7654400 575 0.0
576 7667712 7667712 576 0.0
577 7681024 7681024 577 0.0
578 7694336 7694336 578 0.0
579 7707648 7707648 579 11.0
580 7720960 7720960 580 8.0
581 7734272 7734272 581 2.0
582 7747584 7747584 582 36.0
583 7760896 7760896 583 0.0
584 7774208 7774208 584 0.0
585 7787520 7787520 585 0.0
586 7800832 7800832 586 2.0
587 7814144 7814144 587 14.0
588 7827456 7827456 588 8.0
589 7840768 7840768 589 0.0
590 7854080 7854080 590 0.0
591 7867392 7867392 591 0.0
592 7880704 7880704 592 0.0
593 7894016 7894016 593 7.0
594 7907328 7907328 594 0.0
595 7920640 7920640 595 1.0
596 7933952 7933952 596 20.0
597 7947264 7947264 597 0.0
598 7960576 7960576 598 0.0
599 7973888 7973888 599 0.0
600 7987200 7987200 600 0.0
601 8000512 8000512 601 14.0
602 8013824 8013824 602 12.0
603 8027136 8027136 603 0.0
604 8040448 8040448 604 0.0
605 8053760 8053760 605 6.0
606 8067072 8067072 606 0.0
607 8080384 8080384 607 10.0
608 8093696 8093696 608 22.0
609 8107008 8107008 609 2.0
610 8120320 8120320 610 19.0
611 8133632 8133632 611 0.0
612 8146944 8146944 612 7.0
613 8160256 8160256 613 2.0
614 8173568 8173568 614 0.0
615 8186880 8186880 615 16.0
616 8200192 8200192 616 23.0
617 8213504 8213504 617 29.0
618 8226816 8226816 618 9.0
619 8240128 8240128 619 12.0
620 8253440 8253440 620 12.0
621 8266752 8266752 621 0.0
622 8280064 8280064 622 0.0
623 8293376 8293376 623 4.0
624 8306688 8306688 624 0.0
625 8320000 8320000 625 0.0
626 8333312 8333312 626 0.0
627 8346624 8346624 627 4.0
628 8359936 8359936 628 2.0
629 8373248 8373248 629 27.0
630 8386560 8386560 630 29.0
631 8399872 8399872 631 3.0
632 8413184 8413184 632 4.0
633 8426496 8426496 633 1.0
634 8439808 8439808 634 28.0
635 8453120 8453120 635 0.0
636 8466432 8466432 636 0.0
637 8479744 8479744 637 0.0
638 8493056 8493056 638 0.0
639 8506368 8506368 639 32.0
640 8519680 8519680 640 15.0
641 8532992 8532992 641 0.0
642 8546304 8546304 642 0.0
643 8559616 8559616 643 0.0
644 8572928 8572928 644 0.0
645 8586240 8586240 645 0.0
646 8599552 8599552 646 10.0
647 8612864 8612864 647 0.0
648 8626176 8626176 648 0.0
649 8639488 8639488 649 1.0
650 8652800 8652800 650 0.0
651 8666112 8666112 651 0.0
652 8679424 8679424 652 0.0
653 8692736 8692736 653 0.0
654 8706048 8706048 654 18.0
655 8719360 8719360 655 0.0
656 8732672 8732672 656 1.0
657 8745984 8745984 657 3.0
658 8759296 8759296 658 0.0
659 8772608 8772608 659 13.0
660 8785920 8785920 660 0.0
661 8799232 8799232 661 0.0
662 8812544 8812544 662 0.0
663 8825856 8825856 663 0.0
664 8839168 8839168 664 3.0
665 8852480 8852480 665 0.0
666 8865792 8865792 666 0.0
667 8879104 8879104 667 0.0
668 8892416 8892416 668 3.0
669 8905728 8905728 669 0.0
670 8919040 8919040 670 0.0
671 8932352 8932352 671 0.0
672 8945664 8945664 672 16.0
673 8958976 8958976 673 14.0
674 8972288 8972288 674 8.0
675 8985600 8985600 675 7.0
676 8998912 8998912 676 0.0
677 9012224 9012224 677 2.0
678 9025536 9025536 678 23.0
679 9038848 9038848 679 15.0
680 9052160 9052160 680 13.0
681 9065472 9065472 681 1.0
682 9078784 9078784 682 0.0
683 9092096 9092096 683 3.0
684 9105408 9105408 684 4.0
685 9118720 9118720 685 8.0
686 9132032 9132032 686 0.0
687 9145344 9145344 687 6.0
688 9158656 9158656 688 4.0
689 9171968 9171968 689 0.0
690 9185280 9185280 690 6.0
691 9198592 9198592 691 1.0
692 9211904 9211904 692 23.0
693 9225216 9225216 693 8.0
694 9238528 9238528 694 7.0
695 9251840 9251840 695 0.0
696 9265152 9265152 696 0.0
697 9278464 9278464 697 8.0
698 9291776 9291776 698 35.0
699 9305088 9305088 699 9.0
700 9318400 9318400 700 0.0
701 9331712 9331712 701 0.0
702 9345024 9345024 702 3.0
703 9358336 9358336 703 10.0
704 9371648 9371648 704 8.0
705 9384960 9384960 705 3.0
706 9398272 9398272 706 0.0
707 9411584 9411584 707 0.0
708 9424896 9424896 708 2.0
709 9438208 9438208 709 2.0
710 9451520 9451520 710 0.0
711 9464832 9464832 711 0.0
712 9478144 9478144 712 3.0
713 9491456 9491456 713 0.0
714 9504768 9504768 714 0.0
715 9518080 9518080 715 7.0
716 9531392 9531392 716 21.0
717 9544704 9544704 717 0.0
718 9558016 9558016 718 0.0
719 9571328 9571328 719 0.0
720 9584640 9584640 720 8.0
721 9597952 9597952 721 0.0
722 9611264 9611264 722 16.0
723 9624576 9624576 723 3.0
724 9637888 9637888 724 0.0
725 9651200 9651200 725 2.0
726 9664512 9664512 726 31.0
727 9677824 9677824 727 6.0
728 9691136 9691136 728 1.0
729 9704448 9704448 729 0.0
730 9717760 9717760 730 9.0
731 9731072 9731072 731 0.0
732 9744384 9744384 732 28.0
733 9757696 9757696 733 0.0
734 9771008 9771008 734 0.0
735 9784320 9784320 735 0.0
736 9797632 9797632 736 55.0
737 9810944 9810944 737 0.0
738 9824256 9824256 738 7.0
739 9837568 9837568 739 0.0
740 9850880 9850880 740 1.0
741 9864192 9864192 741 0.0
742 9877504 9877504 742 25.0
743 9890816 9890816 743 0.0
744 9904128 9904128 744 30.0
745 9917440 9917440 745 2.0
746 9930752 9930752 746 0.0
747 9944064 9944064 747 0.0
748 9957376 9957376 748 0.0
749 9970688 9970688 749 8.0
750 9984000 9984000 750 27.0
751 9997312 9997312 751 9.0
752 10010624 10010624 752 3.0
753 10023936 10023936 753 7.0
754 10037248 10037248 754 0.0
755 10050560 10050560 755 0.0
756 10063872 10063872 756 7.0
757 10077184 10077184 757 2.0
758 10090496 10090496 758 0.0
759 10103808 10103808 759 0.0
760 10117120 10117120 760 0.0
761 10130432 10130432 761 4.0
762 10143744 10143744 762 0.0
763 10157056 10157056 763 0.0
764 10170368 10170368 764 0.0
765 10183680 10183680 765 14.0
766 10196992 10196992 766 12.0
767 10210304 10210304 767 0.0
768 10223616 10223616 768 1.0
769 10236928 10236928 769 1.0
770 10250240 10250240 770 1.0
771 10263552 10263552 771 2.0
772 10276864 10276864 772 0.0
773 10290176 10290176 773 0.0
774 10303488 10303488 774 9.0
775 10316800 10316800 775 3.0
776 10330112 10330112 776 0.0
777 10343424 10343424 777 5.0
778 10356736 10356736 778 0.0
779 10370048 10370048 779 0.0
780 10383360 10383360 780 13.0
781 10396672 10396672 781 0.0
782 10409984 10409984 782 22.0
783 10423296 10423296 783 1.0
784 10436608 10436608 784 1.0
785 10449920 10449920 785 3.0
786 10463232 10463232 786 0.0
787 10476544 10476544 787 38.0
788 10489856 10489856 788 0.0
789 10503168 10503168 789 0.0
790 10516480 10516480 790 3.0
791 10529792 10529792 791 0.0
792 10543104 10543104 792 0.0
793 10556416 10556416 793 28.0
794 10569728 10569728 794 19.0
795 10583040 10583040 795 1.0
796 10596352 10596352 796 0.0
797 10609664 10609664 797 0.0
798 10622976 10622976 798 0.0
799 10636288 10636288 799 0.0
800 10649600 10649600 800 0.0
801 10662912 10662912 801 2.0
802 10676224 10676224 802 26.0
803 10689536 10689536 803 9.0
804 10702848 10702848 804 33.0
805 10716160 10716160 805 3.0
806 10729472 10729472 806 0.0
807 10742784 10742784 807 0.0
808 10756096 10756096 808 0.0
809 10769408 10769408 809 1.0
810 10782720 10782720 810 9.0
811 10796032 10796032 811 2.0
812 10809344 10809344 812 0.0
813 10822656 10822656 813 0.0
814 10835968 10835968 814 0.0
815 10849280 10849280 815 0.0
816 10862592 10862592 816 15.0
817 10875904 10875904 817 19.0
818 10889216 10889216 818 29.0
819 10902528 10902528 819 0.0
820 10915840 10915840 820 30.0
821 10929152 10929152 821 0.0
822 10942464 10942464 822 12.0
823 10955776 10955776 823 3.0
824 10969088 10969088 824 0.0
825 10982400 10982400 825 0.0
826 10995712 10995712 826 21.0
827 11009024 11009024 827 2.0
828 11022336 11022336 828 2.0
829 11035648 11035648 829 61.0
830 11048960 11048960 830 7.0
831 11062272 11062272 831 0.0
832 11075584 11075584 832 0.0
833 11088896 11088896 833 2.0
834 11102208 11102208 834 0.0
835 11115520 11115520 835 19.0
836 11128832 11128832 836 0.0
837 11142144 11142144 837 0.0
838 11155456 11155456 838 32.0
839 11168768 11168768 839 0.0
840 11182080 11182080 840 0.0
841 11195392 11195392 841 0.0
842 11208704 11208704 842 0.0
843 11222016 11222016 843 0.0
844 11235328 11235328 844 11.0
845 11248640 11248640 845 2.0
846 11261952 11261952 846 34.0
847 11275264 11275264 847 0.0
848 11288576 11288576 848 30.0
849 11301888 11301888 849 4.0
850 11315200 11315200 850 0.0
851 11328512 11328512 851 18.0
852 11341824 11341824 852 12.0
853 11355136 11355136 853 3.0
854 11368448 11368448 854 0.0
855 11381760 11381760 855 0.0
856 11395072 11395072 856 0.0
857 11408384 11408384 857 0.0
858 11421696 11421696 858 0.0
859 11435008 11435008 859 23.0
860 11448320 11448320 860 8.0
861 11461632 11461632 861 0.0
862 11474944 11474944 862 2.0
863 11488256 11488256 863 0.0
864 11501568 11501568 864 4.0
865 11514880 11514880 865 4.0
866 11528192 11528192 866 15.0
867 11541504 11541504 867 3.0
868 11554816 11554816 868 2.0
869 11568128 11568128 869 0.0
870 11581440 11581440 870 33.0
871 11594752 11594752 871 9.0
872 11608064 11608064 872 16.0
873 11621376 11621376 873 14.0
874 11634688 11634688 874 35.0
875 11648000 11648000 875 0.0
876 11661312 11661312 876 1.0
877 11674624 11674624 877 19.0
878 11687936 11687936 878 1.0
879 11701248 11701248 879 0.0
880 11714560 11714560 880 0.0
881 11727872 11727872 881 0.0
882 11741184 11741184 882 18.0
883 11754496 11754496 883 0.0
884 11767808 11767808 884 0.0
885 11781120 11781120 885 1.0
886 11794432 11794432 886 3.0
887 11807744 11807744 887 0.0
888 11821056 11821056 888 26.0
889 11834368 11834368 889 0.0
890 11847680 11847680 890 0.0
891 11860992 11860992 891 12.0
892 11874304 11874304 892 0.0
893 11887616 11887616 893 18.0
894 11900928 11900928 894 0.0
895 11914240 11914240 895 2.0
896 11927552 11927552 896 0.0
897 11940864 11940864 897 30.0
898 11954176 11954176 898 0.0
899 11967488 11967488 899 0.0
900 11980800 11980800 900 14.0
901 11994112 11994112 901 31.0
902 12007424 12007424 902 21.0
903 12020736 12020736 903 13.0
904 12034048 12034048 904 7.0
905 12047360 12047360 905 19.0
906 12060672 12060672 906 0.0
907 12073984 12073984 907 17.0
908 12087296 12087296 908 31.0
909 12100608 12100608 909 13.0
910 12113920 12113920 910 22.0
911 12127232 12127232 911 14.0
912 12140544 12140544 912 25.0
913 12153856 12153856 913 0.0
914 12167168 12167168 914 18.0
915 12180480 12180480 915 0.0
916 12193792 12193792 916 0.0
917 12207104 12207104 917 5.0
918 12220416 12220416 918 19.0
919 12233728 12233728 919 0.0
920 12247040 12247040 920 34.0
921 12260352 12260352 921 20.0
922 12273664 12273664 922 4.0
923 12286976 12286976 923 22.0
924 12300288 12300288 924 5.0
925 12313600 12313600 925 13.0
926 12326912 12326912 926 5.0
927 12340224 12340224 927 10.0
928 12353536 12353536 928 0.0
929 12366848 12366848 929 0.0
930 12380160 12380160 930 15.0
931 12393472 12393472 931 0.0
932 12406784 12406784 932 3.0
933 12420096 12420096 933 0.0
934 12433408 12433408 934 0.0
935 12446720 12446720 935 0.0
936 12460032 12460032 936 0.0
937 12473344 12473344 937 0.0
938 12486656 12486656 938 5.0
939 12499968 12499968 939 9.0
940 12513280 12513280 940 19.0
941 12526592 12526592 941 8.0
942 12539904 12539904 942 8.0
943 12553216 12553216 943 17.0
944 12566528 12566528 944 15.0
945 12579840 12579840 945 0.0
946 12593152 12593152 946 0.0
947 12606464 12606464 947 0.0
948 12619776 12619776 948 23.0
949 12633088 12633088 949 25.0
950 12646400 12646400 950 0.0
951 12659712 12659712 951 11.0
952 12673024 12673024 952 0.0
953 12686336 12686336 953 7.0
954 12699648 12699648 954 0.0
955 12712960 12712960 955 1.0
956 12726272 12726272 956 0.0
957 12739584 12739584 957 0.0
958 12752896 12752896 958 3.0
959 12766208 12766208 959 17.0
960 12779520 12779520 960 16.0
961 12792832 12792832 961 0.0
962 12806144 12806144 962 1.0
963 12819456 12819456 963 0.0
964 12832768 12832768 964 39.0
965 12846080 12846080 965 0.0
966 12859392 12859392 966 0.0
967 12872704 12872704 967 0.0
968 12886016 12886016 968 0.0
969 12899328 12899328 969 8.0
970 12912640 12912640 970 2.0
971 12925952 12925952 971 0.0
972 12939264 12939264 972 0.0
973 12952576 12952576 973 2.0
974 12965888 12965888 974 5.0
975 12979200 12979200 975 0.0
976 12992512 12992512 976 5.0
977 13005824 13005824 977 8.0
978 13019136 13019136 978 4.0
979 13032448 13032448 979 0.0
980 13045760 13045760 980 0.0
981 13059072 13059072 981 0.0
982 13072384 13072384 982 20.0
983 13085696 13085696 983 7.0
984 13099008 13099008 984 9.0
985 13112320 13112320 985 0.0
986 13125632 13125632 986 0.0
987 13138944 13138944 987 18.0
988 13152256 13152256 988 0.0
989 13165568 13165568 989 6.0
990 13178880 13178880 990 7.0
991 13192192 13192192 991 0.0
992 13205504 13205504 992 4.0
993 13218816 13218816 993 0.0
994 13232128 13232128 994 22.0
995 13245440 13245440 995 16.0
996 13258752 13258752 996 0.0
997 13272064 13272064 997 4.0
998 13285376 13285376 998 20.0
999 13298688 13298688 999 11.0
1000 13312000 13312000 1000 3.0
1001 13325312 13325312 1001 13.0
1002 13338624 13338624 1002 0.0
1003 13351936 13351936 1003 0.0
1004 13365248 13365248 1004 9.0
1005 13378560 13378560 1005 0.0
1006 13391872 13391872 1006 16.0
1007 13405184 13405184 1007 17.0
1008 13418496 13418496 1008 5.0
1009 13431808 13431808 1009 5.0
1010 13445120 13445120 1010 0.0
1011 13458432 13458432 1011 25.0
1012 13471744 13471744 1012 0.0
1013 13485056 13485056 1013 4.0
1014 13498368 13498368 1014 2.0
1015 13511680 13511680 1015 0.0
1016 13524992 13524992 1016 0.0
1017 13538304 13538304 1017 17.0
1018 13551616 13551616 1018 4.0
1019 13564928 13564928 1019 0.0
1020 13578240 13578240 1020 10.0
1021 13591552 13591552 1021 18.0
1022 13604864 13604864 1022 6.0
1023 13618176 13618176 1023 0.0
1024 13631488 13631488 1024 0.0
1025 13644800 13644800 1025 6.0
1026 13658112 13658112 1026 26.0
1027 13671424 13671424 1027 27.0
1028 13684736 13684736 1028 37.0
1029 13698048 13698048 1029 1.0
1030 13711360 13711360 1030 0.0
1031 13724672 13724672 1031 11.0
1032 13737984 13737984 1032 0.0
1033 13751296 13751296 1033 25.0
1034 13764608 13764608 1034 16.0
1035 13777920 13777920 1035 0.0
1036 13791232 13791232 1036 15.0
1037 13804544 13804544 1037 0.0
1038 13817856 13817856 1038 1.0
1039 13831168 13831168 1039 2.0
1040 13844480 13844480 1040 12.0
1041 13857792 13857792 1041 6.0
1042 13871104 13871104 1042 0.0
1043 13884416 13884416 1043 0.0
1044 13897728 13897728 1044 0.0
1045 13911040 13911040 1045 0.0
1046 13924352 13924352 1046 1.0
1047 13937664 13937664 1047 8.0
1048 13950976 13950976 1048 1.0
1049 13964288 13964288 1049 15.0
1050 13977600 13977600 1050 2.0
1051 13990912 13990912 1051 7.0
1052 14004224 14004224 1052 0.0
1053 14017536 14017536 1053 3.0
1054 14030848 14030848 1054 14.0
1055 14044160 14044160 1055 1.0
1056 14057472 14057472 1056 0.0
1057 14070784 14070784 1057 1.0
1058 14084096 14084096 1058 9.0
1059 14097408 14097408 1059 0.0
1060 14110720 14110720 1060 0.0
1061 14124032 14124032 1061 16.0
1062 14137344 14137344 1062 4.0
1063 14150656 14150656 1063 0.0
1064 14163968 14163968 1064 10.0
1065 14177280 14177280 1065 2.0
1066 14190592 14190592 1066 62.0
1067 14203904 14203904 1067 2.0
1068 14217216 14217216 1068 0.0
1069 14230528 14230528 1069 11.0
1070 14243840 14243840 1070 0.0
1071 14257152 14257152 1071 12.0
1072 14270464 14270464 1072 0.0
1073 14283776 14283776 1073 0.0
1074 14297088 14297088 1074 0.0
1075 14310400 14310400 1075 6.0
1076 14323712 14323712 1076 0.0
1077 14337024 14337024 1077 0.0
1078 14350336 14350336 1078 0.0
1079 14363648 14363648 1079 25.0
1080 14376960 14376960 1080 11.0
1081 14390272 14390272 1081 1.0
1082 14403584 14403584 1082 0.0
1083 14416896 14416896 1083 0.0
1084 14430208 14430208 1084 25.0
1085 14443520 14443520 1085 0.0
1086 14456832 14456832 1086 0.0
1087 14470144 14470144 1087 0.0
1088 14483456 14483456 1088 3.0
1089 14496768 14496768 1089 13.0
1090 14510080 14510080 1090 0.0
1091 14523392 14523392 1091 0.0
1092 14536704 14536704 1092 13.0
1093 14550016 14550016 1093 0.0
1094 14563328 14563328 1094 2.0
1095 14576640 14576640 1095 7.0
1096 14589952 14589952 1096 9.0
1097 14603264 14603264 1097 16.0
1098 14616576 14616576 1098 7.0
1099 14629888 14629888 1099 10.0
1100 14643200 14643200 1100 6.0
1101 14656512 14656512 1101 0.0
1102 14669824 14669824 1102 19.0
1103 14683136 14683136 1103 0.0
1104 14696448 14696448 1104 1.0
1105 14709760 14709760 1105 0.0
1106 14723072 14723072 1106 2.0
1107 14736384 14736384 1107 0.0
1108 14749696 14749696 1108 16.0
1109 14763008 14763008 1109 28.0
1110 14776320 14776320 1110 5.0
1111 14789632 14789632 1111 0.0
1112 14802944 14802944 1112 0.0
1113 14816256 14816256 1113 5.0
1114 14829568 14829568 1114 8.0
1115 14842880 14842880 1115 1.0
1116 14856192 14856192 1116 7.0
1117 14869504 14869504 1117 2.0
1118 14882816 14882816 1118 16.0
1119 14896128 14896128 1119 0.0
1120 14909440 14909440 1120 0.0
1121 14922752 14922752 1121 0.0
1122 14936064 14936064 1122 19.0
1123 14949376 14949376 1123 15.0
1124 14962688 14962688 1124 5.0
1125 14976000 14976000 1125 6.0
1126 14989312 14989312 1126 3.0
1127 15002624 15002624 1127 29.0
1128 15015936 15015936 1128 14.0
1129 15029248 15029248 1129 0.0
1130 15042560 15042560 1130 0.0
1131 15055872 15055872 1131 0.0
1132 15069184 15069184 1132 2.0
1133 15082496 15082496 1133 6.0
1134 15095808 15095808 1134 11.0
1135 15109120 15109120 1135 13.0
1136 15122432 15122432 1136 0.0
1137 15135744 15135744 1137 0.0
1138 15149056 15149056 1138 0.0
1139 15162368 15162368 1139 5.0
1140 15175680 15175680 1140 0.0
1141 15188992 15188992 1141 23.0
1142 15202304 15202304 1142 27.0
1143 15215616 15215616 1143 0.0
1144 15228928 15228928 1144 1.0
1145 15242240 15242240 1145 0.0
1146 15255552 15255552 1146 15.0
1147 15268864 15268864 1147 9.0
1148 15282176 15282176 1148 27.0
1149 15295488 15295488 1149 27.0
1150 15308800 15308800 1150 0.0
1151 15322112 15322112 1151 0.0
1152 15335424 15335424 1152 6.0
1153 15348736 15348736 1153 0.0
1154 15362048 15362048 1154 6.0
1155 15375360 15375360 1155 7.0
1156 15388672 15388672 1156 0.0
1157 15401984 15401984 1157 0.0
1158 15415296 15415296 1158 0.0
1159 15428608 15428608 1159 0.0
1160 15441920 15441920 1160 4.0
1161 15455232 15455232 1161 38.0
1162 15468544 15468544 1162 14.0
1163 15481856 15481856 1163 4.0
1164 15495168 15495168 1164 26.0
1165 15508480 15508480 1165 33.0
1166 15521792 15521792 1166 2.0
1167 15535104 15535104 1167 0.0
1168 15548416 15548416 1168 17.0
1169 15561728 15561728 1169 1.0
1170 15575040 15575040 1170 0.0
1171 15588352 15588352 1171 0.0
1172 15601664 15601664 1172 0.0
1173 15614976 15614976 1173 0.0
1174 15628288 15628288 1174 0.0
1175 15641600 15641600 1175 3.0
1176 15654912 15654912 1176 4.0
1177 15668224 15668224 1177 33.0
1178 15681536 15681536 1178 23.0
1179 15694848 15694848 1179 26.0
1180 15708160 15708160 1180 15.0
1181 15721472 15721472 1181 32.0
1182 15734784 15734784 1182 8.0
1183 15748096 15748096 1183 18.0
1184 15761408 15761408 1184 7.0
1185 15774720 15774720 1185 0.0
1186 15788032 15788032 1186 8.0
1187 15801344 15801344 1187 0.0
1188 15814656 15814656 1188 0.0
1189 15827968 15827968 1189 20.0
1190 15841280 15841280 1190 32.0
1191 15854592 15854592 1191 18.0
1192 15867904 15867904 1192 6.0
1193 15881216 15881216 1193 11.0
1194 15894528 15894528 1194 32.0
1195 15907840 15907840 1195 16.0
1196 15921152 15921152 1196 38.0
1197 15934464 15934464 1197 5.0
1198 15947776 15947776 1198 34.0
1199 15961088 15961088 1199 0.0
1200 15974400 15974400 1200 21.0
1201 15987712 15987712 1201 41.0
1202 16001024 16001024 1202 1.0
1203 16014336 16014336 1203 0.0
1204 16027648 16027648 1204 4.0
1205 16040960 16040960 1205 0.0
1206 16054272 16054272 1206 0.0
1207 16067584 16067584 1207 0.0
1208 16080896 16080896 1208 4.0
1209 16094208 16094208 1209 0.0
1210 16107520 16107520 1210 15.0
1211 16120832 16120832 1211 1.0
1212 16134144 16134144 1212 23.0
1213 16147456 16147456 1213 2.0
1214 16160768 16160768 1214 6.0
1215 16174080 16174080 1215 1.0
1216 16187392 16187392 1216 0.0
1217 16200704 16200704 1217 0.0
1218 16214016 16214016 1218 0.0
1219 16227328 16227328 1219 10.0
1220 16240640 16240640 1220 0.0
1221 16253952 16253952 1221 0.0
1222 16267264 16267264 1222 33.0
1223 16280576 16280576 1223 27.0
1224 16293888 16293888 1224 0.0
1225 16307200 16307200 1225 13.0
1226 16320512 16320512 1226 0.0
1227 16333824 16333824 1227 2.0
1228 16347136 16347136 1228 0.0
1229 16360448 16360448 1229 13.0
1230 16373760 16373760 1230 15.0
1231 16387072 16387072 1231 11.0
1232 16400384 16400384 1232 18.0
1233 16413696 16413696 1233 0.0
1234 16427008 16427008 1234 0.0
1235 16440320 16440320 1235 0.0
1236 16453632 16453632 1236 5.0
1237 16466944 16466944 1237 5.0
1238 16480256 16480256 1238 0.0
1239 16493568 16493568 1239 1.0
1240 16506880 16506880 1240 4.0
1241 16520192 16520192 1241 0.0
1242 16533504 16533504 1242 37.0
1243 16546816 16546816 1243 9.0
1244 16560128 16560128 1244 8.0
1245 16573440 16573440 1245 4.0
1246 16586752 16586752 1246 0.0
1247 16600064 16600064 1247 0.0
1248 16613376 16613376 1248 0.0
1249 16626688 16626688 1249 4.0
1250 16640000 16640000 1250 7.0
1251 16653312 16653312 1251 15.0
1252 16666624 16666624 1252 13.0
1253 16679936 16679936 1253 7.0
1254 16693248 16693248 1254 0.0
1255 16706560 16706560 1255 2.0
1256 16719872 16719872 1256 12.0
1257 16733184 16733184 1257 6.0
1258 16746496 16746496 1258 5.0
1259 16759808 16759808 1259 12.0
1260 16773120 16773120 1260 4.0
1261 16786432 16786432 1261 13.0
1262 16799744 16799744 1262 1.0
1263 16813056 16813056 1263 4.0
1264 16826368 16826368 1264 0.0
1265 16839680 16839680 1265 0.0
1266 16852992 16852992 1266 0.0
1267 16866304 16866304 1267 0.0
1268 16879616 16879616 1268 21.0
1269 16892928 16892928 1269 10.0
1270 16906240 16906240 1270 35.0
1271 16919552 16919552 1271 21.0
1272 16932864 16932864 1272 5.0
1273 16946176 16946176 1273 24.0
1274 16959488 16959488 1274 1.0
1275 16972800 16972800 1275 0.0
1276 16986112 16986112 1276 6.0
1277 16999424 16999424 1277 3.0
1278 17012736 17012736 1278 0.0
1279 17026048 17026048 1279 3.0
1280 17039360 17039360 1280 8.0
1281 17052672 17052672 1281 43.0
1282 17065984 17065984 1282 1.0
1283 17079296 17079296 1283 0.0
1284 17092608 17092608 1284 7.0
1285 17105920 17105920 1285 23.0
1286 17119232 17119232 1286 21.0
1287 17132544 17132544 1287 19.0
1288 17145856 17145856 1288 1.0
1289 17159168 17159168 1289 10.0
1290 17172480 17172480 1290 0.0
1291 17185792 17185792 1291 15.0
1292 17199104 17199104 1292 0.0
1293 17212416 17212416 1293 8.0
1294 17225728 17225728 1294 0.0
1295 17239040 17239040 1295 0.0
1296 17252352 17252352 1296 0.0
1297 17265664 17265664 1297 7.0
1298 17278976 17278976 1298 0.0
1299 17292288 17292288 1299 16.0
1300 17305600 17305600 1300 10.0
1301 17318912 17318912 1301 0.0
1302 17332224 17332224 1302 1.0
1303 17345536 17345536 1303 0.0
1304 17358848 17358848 1304 19.0
1305 17372160 17372160 1305 1.0
1306 17385472 17385472 1306 1.0
1307 17398784 17398784 1307 5.0
1308 17412096 17412096 1308 32.0
1309 17425408 17425408 1309 22.0
1310 17438720 17438720 1310 14.0
1311 17452032 17452032 1311 4.0
1312 17465344 17465344 1312 33.0
1313 17478656 17478656 1313 21.0
1314 17491968 17491968 1314 0.0
1315 17505280 17505280 1315 23.0
1316 17518592 17518592 1316 0.0
1317 17531904 17531904 1317 0.0
1318 17545216 17545216 1318 17.0
1319 17558528 17558528 1319 0.0
1320 17571840 17571840 1320 5.0
1321 17585152 17585152 1321 16.0
1322 17598464 17598464 1322 5.0
1323 17611776 17611776 1323 0.0
1324 17625088 17625088 1324 0.0
1325 17638400 17638400 1325 2.0
1326 17651712 17651712 1326 18.0
1327 17665024 17665024 1327 8.0
1328 17678336 17678336 1328 3.0
1329 17691648 17691648 1329 31.0
1330 17704960 17704960 1330 0.0
1331 17718272 17718272 1331 30.0
1332 17731584 17731584 1332 16.0
1333 17744896 17744896 1333 4.0
1334 17758208 17758208 1334 13.0
1335 17771520 17771520 1335 0.0
1336 17784832 17784832 1336 0.0
1337 17798144 17798144 1337 0.0
1338 17811456 17811456 1338 12.0
1339 17824768 17824768 1339 6.0
1340 17838080 17838080 1340 32.0
1341 17851392 17851392 1341 23.0
1342 17864704 17864704 1342 26.0
1343 17878016 17878016 1343 28.0
1344 17891328 17891328 1344 2.0
1345 17904640 17904640 1345 0.0
1346 17917952 17917952 1346 0.0
1347 17931264 17931264 1347 24.0
1348 17944576 17944576 1348 5.0
1349 17957888 17957888 1349 4.0
1350 17971200 17971200 1350 0.0
1351 17984512 17984512 1351 26.0
1352 17997824 17997824 1352 3.0
1353 18011136 18011136 1353 0.0
1354 18024448 18024448 1354 0.0
1355 18037760 18037760 1355 0.0
1356 18051072 18051072 1356 11.0
1357 18064384 18064384 1357 2.0
1358 18077696 18077696 1358 37.0
1359 18091008 18091008 1359 5.0
1360 18104320 18104320 1360 23.0
1361 18117632 18117632 1361 37.0
1362 18130944 18130944 1362 0.0
1363 18144256 18144256 1363 4.0
1364 18157568 18157568 1364 18.0
1365 18170880 18170880 1365 13.0
1366 18184192 18184192 1366 10.0
1367 18197504 18197504 1367 0.0
1368 18210816 18210816 1368 17.0
1369 18224128 18224128 1369 0.0
1370 18237440 18237440 1370 15.0
1371 18250752 18250752 1371 30.0
1372 18264064 18264064 1372 4.0
1373 18277376 18277376 1373 0.0
1374 18290688 18290688 1374 39.0
1375 18304000 18304000 1375 28.0
1376 18317312 18317312 1376 13.0
1377 18330624 18330624 1377 7.0
1378 18343936 18343936 1378 0.0
1379 18357248 18357248 1379 0.0
1380 18370560 18370560 1380 2.0
1381 18383872 18383872 1381 0.0
1382 18397184 18397184 1382 27.0
1383 18410496 18410496 1383 37.0
1384 18423808 18423808 1384 29.0
1385 18437120 18437120 1385 2.0
1386 18450432 18450432 1386 22.0
1387 18463744 18463744 1387 9.0
1388 18477056 18477056 1388 9.0
1389 18490368 18490368 1389 5.0
1390 18503680 18503680 1390 0.0
1391 18516992 18516992 1391 15.0
1392 18530304 18530304 1392 4.0
1393 18543616 18543616 1393 29.0
1394 18556928 18556928 1394 0.0
1395 18570240 18570240 1395 5.0
1396 18583552 18583552 1396 0.0
1397 18596864 18596864 1397 3.0
1398 18610176 18610176 1398 26.0
1399 18623488 18623488 1399 2.0
1400 18636800 18636800 1400 0.0
1401 18650112 18650112 1401 23.0
1402 18663424 18663424 1402 8.0
1403 18676736 18676736 1403 20.0
1404 18690048 18690048 1404 0.0
1405 18703360 18703360 1405 6.0
1406 18716672 18716672 1406 26.0
1407 18729984 18729984 1407 0.0
1408 18743296 18743296 1408 3.0
1409 18756608 18756608 1409 3.0
1410 18769920 18769920 1410 4.0
1411 18783232 18783232 1411 24.0
1412 18796544 18796544 1412 3.0
1413 18809856 18809856 1413 10.0
1414 18823168 18823168 1414 0.0
1415 18836480 18836480 1415 0.0
1416 18849792 18849792 1416 2.0
1417 18863104 18863104 1417 6.0
1418 18876416 18876416 1418 11.0
1419 18889728 18889728 1419 6.0
1420 18903040 18903040 1420 0.0
1421 18916352 18916352 1421 0.0
1422 18929664 18929664 1422 20.0
1423 18942976 18942976 1423 1.0
1424 18956288 18956288 1424 0.0
1425 18969600 18969600 1425 0.0
1426 18982912 18982912 1426 0.0
1427 18996224 18996224 1427 31.0
1428 19009536 19009536 1428 6.0
1429 19022848 19022848 1429 6.0
1430 19036160 19036160 1430 10.0
1431 19049472 19049472 1431 6.0
1432 19062784 19062784 1432 0.0
1433 19076096 19076096 1433 7.0
1434 19089408 19089408 1434 3.0
1435 19102720 19102720 1435 14.0
1436 19116032 19116032 1436 7.0
1437 19129344 19129344 1437 23.0
1438 19142656 19142656 1438 10.0
1439 19155968 19155968 1439 1.0
1440 19169280 19169280 1440 12.0
1441 19182592 19182592 1441 0.0
1442 19195904 19195904 1442 15.0
1443 19209216 19209216 1443 0.0
1444 19222528 19222528 1444 9.0
1445 19235840 19235840 1445 2.0
1446 19249152 19249152 1446 0.0
1447 19262464 19262464 1447 0.0
1448 19275776 19275776 1448 9.0
1449 19289088 19289088 1449 2.0
1450 19302400 19302400 1450 12.0
1451 19315712 19315712 1451 0.0
1452 19329024 19329024 1452 0.0
1453 19342336 19342336 1453 0.0
1454 19355648 19355648 1454 3.0
1455 19368960 19368960 1455 24.0
1456 19382272 19382272 1456 3.0
1457 19395584 19395584 1457 9.0
1458 19408896 19408896 1458 3.0
1459 19422208 19422208 1459 5.0
1460 19435520 19435520 1460 0.0
1461 19448832 19448832 1461 0.0
1462 19462144 19462144 1462 3.0
1463 19475456 19475456 1463 5.0
1464 19488768 19488768 1464 2.0
1465 19502080 19502080 1465 8.0
1466 19515392 19515392 1466 35.0
1467 19528704 19528704 1467 6.0
1468 19542016 19542016 1468 0.0
1469 19555328 19555328 1469 0.0
1470 19568640 19568640 1470 0.0
1471 19581952 19581952 1471 0.0
1472 19595264 19595264 1472 6.0
1473 19608576 19608576 1473 5.0
1474 19621888 19621888 1474 0.0
1475 19635200 19635200 1475 29.0
1476 19648512 19648512 1476 0.0
1477 19661824 19661824 1477 9.0
1478 19675136 19675136 1478 0.0
1479 19688448 19688448 1479 2.0
1480 19701760 19701760 1480 9.0
1481 19715072 19715072 1481 0.0
1482 19728384 19728384 1482 6.0
1483 19741696 19741696 1483 0.0
1484 19755008 19755008 1484 30.0
1485 19768320 19768320 1485 0.0
1486 19781632 19781632 1486 7.0
1487 19794944 19794944 1487 2.0
1488 19808256 19808256 1488 0.0
1489 19821568 19821568 1489 4.0
1490 19834880 19834880 1490 4.0
1491 19848192 19848192 1491 13.0
1492 19861504 19861504 1492 5.0
1493 19874816 19874816 1493 14.0
1494 19888128 19888128 1494 34.0
1495 19901440 19901440 1495 38.0
1496 19914752 19914752 1496 0.0
1497 19928064 19928064 1497 1.0
1498 19941376 19941376 1498 0.0
1499 19954688 19954688 1499 10.0
1500 19968000 19968000 1500 1.0
1501 19981312 19981312 1501 24.0
1502 19994624 19994624 1502 0.0
1503 20007936 20007936 1503 14.0
1504 20021248 20021248 1504 0.0
1505 20034560 20034560 1505 11.0
1506 20047872 20047872 1506 0.0
1507 20061184 20061184 1507 6.0
1508 20074496 20074496 1508 0.0
1509 20087808 20087808 1509 8.0
1510 20101120 20101120 1510 17.0
1511 20114432 20114432 1511 0.0
1512 20127744 20127744 1512 12.0
1513 20141056 20141056 1513 8.0
1514 20154368 20154368 1514 26.0
1515 20167680 20167680 1515 22.0
1516 20180992 20180992 1516 9.0
1517 20194304 20194304 1517 0.0
1518 20207616 20207616 1518 9.0
1519 20220928 20220928 1519 0.0
1520 20234240 20234240 1520 2.0
1521 20247552 20247552 1521 16.0
1522 20260864 20260864 1522 0.0
1523 20274176 20274176 1523 0.0
1524 20287488 20287488 1524 15.0
1525 20300800 20300800 1525 0.0
1526 20314112 20314112 1526 9.0
1527 20327424 20327424 1527 21.0
1528 20340736 20340736 1528 8.0
1529 20354048 20354048 1529 0.0
1530 20367360 20367360 1530 0.0
1531 20380672 20380672 1531 0.0
1532 20393984 20393984 1532 24.0
1533 20407296 20407296 1533 21.0
1534 20420608 20420608 1534 0.0
1535 20433920 20433920 1535 0.0
1536 20447232 20447232 1536 15.0
1537 20460544 20460544 1537 23.0
1538 20473856 20473856 1538 18.0
1539 20487168 20487168 1539 0.0
1540 20500480 20500480 1540 0.0
1541 20513792 20513792 1541 17.0
1542 20527104 20527104 1542 0.0
1543 20540416 20540416 1543 0.0
1544 20553728 20553728 1544 6.0
1545 20567040 20567040 1545 2.0
1546 20580352 20580352 1546 12.0
1547 20593664 20593664 1547 13.0
1548 20606976 20606976 1548 0.0
1549 20620288 20620288 1549 20.0
1550 20633600 20633600 1550 0.0
1551 20646912 20646912 1551 3.0
1552 20660224 20660224 1552 0.0
1553 20673536 20673536 1553 18.0
1554 20686848 20686848 1554 17.0
1555 20700160 20700160 1555 26.0
1556 20713472 20713472 1556 31.0
1557 20726784 20726784 1557 27.0
1558 20740096 20740096 1558 34.0
1559 20753408 20753408 1559 2.0
1560 20766720 20766720 1560 16.0
1561 20780032 20780032 1561 3.0
1562 20793344 20793344 1562 17.0
1563 20806656 20806656 1563 0.0
1564 20819968 20819968 1564 8.0
1565 20833280 20833280 1565 12.0
1566 20846592 20846592 1566 20.0
1567 20859904 20859904 1567 0.0
1568 20873216 20873216 1568 0.0
1569 20886528 20886528 1569 13.0
1570 20899840 20899840 1570 29.0
1571 20913152 20913152 1571 1.0
1572 20926464 20926464 1572 3.0
1573 20939776 20939776 1573 0.0
1574 20953088 20953088 1574 13.0
1575 20966400 20966400 1575 12.0
1576 20979712 20979712 1576 5.0
1577 20993024 20993024 1577 8.0
1578 21006336 21006336 1578 3.0
1579 21019648 21019648 1579 18.0
1580 21032960 21032960 1580 3.0
1581 21046272 21046272 1581 0.0
1582 21059584 21059584 1582 0.0
1583 21072896 21072896 1583 0.0
1584 21086208 21086208 1584 22.0
1585 21099520 21099520 1585 10.0
1586 21112832 21112832 1586 0.0
1587 21126144 21126144 1587 7.0
1588 21139456 21139456 1588 34.0
1589 21152768 21152768 1589 6.0
1590 21166080 21166080 1590 2.0
1591 21179392 21179392 1591 0.0
1592 21192704 21192704 1592 0.0
1593 21206016 21206016 1593 0.0
1594 21219328 21219328 1594 1.0
1595 21232640 21232640 1595 42.0
1596 21245952 21245952 1596 0.0
1597 21259264 21259264 1597 3.0
1598 21272576 21272576 1598 0.0
1599 21285888 21285888 1599 31.0
1600 21299200 21299200 1600 0.0
1601 21312512 21312512 1601 3.0
1602 21325824 21325824 1602 5.0
1603 21339136 21339136 1603 0.0
1604 21352448 21352448 1604 25.0
1605 21365760 21365760 1605 0.0
1606 21379072 21379072 1606 25.0
1607 21392384 21392384 1607 23.0
1608 21405696 21405696 1608 8.0
1609 21419008 21419008 1609 3.0
1610 21432320 21432320 1610 6.0
1611 21445632 21445632 1611 0.0
1612 21458944 21458944 1612 0.0
1613 21472256 21472256 1613 5.0
1614 21485568 21485568 1614 4.0
1615 21498880 21498880 1615 17.0
1616 21512192 21512192 1616 0.0
1617 21525504 21525504 1617 0.0
1618 21538816 21538816 1618 30.0
1619 21552128 21552128 1619 14.0
1620 21565440 21565440 1620 33.0
1621 21578752 21578752 1621 0.0
1622 21592064 21592064 1622 0.0
1623 21605376 21605376 1623 0.0
1624 21618688 21618688 1624 6.0
1625 21632000 21632000 1625 17.0
1626 21645312 21645312 1626 0.0
1627 21658624 21658624 1627 0.0
1628 21671936 21671936 1628 15.0
1629 21685248 21685248 1629 20.0
1630 21698560 21698560 1630 0.0
1631 21711872 21711872 1631 3.0
1632 21725184 21725184 1632 0.0
1633 21738496 21738496 1633 0.0
1634 21751808 21751808 1634 39.0
1635 21765120 21765120 1635 8.0
1636 21778432 21778432 1636 19.0
1637 21791744 21791744 1637 32.0
1638 21805056 21805056 1638 15.0
1639 21818368 21818368 1639 1.0
1640 21831680 21831680 1640 33.0
1641 21844992 21844992 1641 22.0
1642 21858304 21858304 1642 43.0
1643 21871616 21871616 1643 28.0
1644 21884928 21884928 1644 8.0
1645 21898240 21898240 1645 0.0
1646 21911552 21911552 1646 0.0
1647 21924864 21924864 1647 0.0
1648 21938176 21938176 1648 4.0
1649 21951488 21951488 1649 24.0
1650 21964800 21964800 1650 10.0
1651 21978112 21978112 1651 3.0
1652 21991424 21991424 1652 8.0
1653 22004736 22004736 1653 8.0
1654 22018048 22018048 1654 0.0
1655 22031360 22031360 1655 15.0
1656 22044672 22044672 1656 10.0
1657 22057984 22057984 1657 0.0
1658 22071296 22071296 1658 6.0
1659 22084608 22084608 1659 0.0
1660 22097920 22097920 1660 4.0
1661 22111232 22111232 1661 49.0
1662 22124544 22124544 1662 18.0
1663 22137856 22137856 1663 25.0
1664 22151168 22151168 1664 4.0
1665 22164480 22164480 1665 1.0
1666 22177792 22177792 1666 2.0
1667 22191104 22191104 1667 12.0
1668 22204416 22204416 1668 7.0
1669 22217728 22217728 1669 0.0
1670 22231040 22231040 1670 31.0
1671 22244352 22244352 1671 9.0
1672 22257664 22257664 1672 2.0
1673 22270976 22270976 1673 9.0
1674 22284288 22284288 1674 0.0
1675 22297600 22297600 1675 0.0
1676 22310912 22310912 1676 0.0
1677 22324224 22324224 1677 0.0
1678 22337536 22337536 1678 14.0
1679 22350848 22350848 1679 29.0
1680 22364160 22364160 1680 18.0
1681 22377472 22377472 1681 14.0
1682 22390784 22390784 1682 8.0
1683 22404096 22404096 1683 0.0
1684 22417408 22417408 1684 0.0
1685 22430720 22430720 1685 19.0
1686 22444032 22444032 1686 29.0
1687 22457344 22457344 1687 3.0
1688 22470656 22470656 1688 8.0
1689 22483968 22483968 1689 13.0
1690 22497280 22497280 1690 31.0
1691 22510592 22510592 1691 6.0
1692 22523904 22523904 1692 0.0
1693 22537216 22537216 1693 0.0
1694 22550528 22550528 1694 9.0
1695 22563840 22563840 1695 15.0
1696 22577152 22577152 1696 52.0
1697 22590464 22590464 1697 8.0
1698 22603776 22603776 1698 29.0
1699 22617088 22617088 1699 12.0
1700 22630400 22630400 1700 9.0
1701 22643712 22643712 1701 7.0
1702 22657024 22657024 1702 15.0
1703 22670336 22670336 1703 0.0
1704 22683648 22683648 1704 0.0
1705 22696960 22696960 1705 0.0
1706 22710272 22710272 1706 18.0
1707 22723584 22723584 1707 2.0
1708 22736896 22736896 1708 0.0
1709 22750208 22750208 1709 2.0
1710 22763520 22763520 1710 24.0
1711 22776832 22776832 1711 0.0
1712 22790144 22790144 1712 0.0
1713 22803456 22803456 1713 4.0
1714 22816768 22816768 1714 3.0
1715 22830080 22830080 1715 24.0
1716 22843392 22843392 1716 19.0
1717 22856704 22856704 1717 22.0
1718 22870016 22870016 1718 1.0
1719 22883328 22883328 1719 24.0
1720 22896640 22896640 1720 0.0
1721 22909952 22909952 1721 5.0
1722 22923264 22923264 1722 0.0
1723 22936576 22936576 1723 1.0
1724 22949888 22949888 1724 0.0
1725 22963200 22963200 1725 0.0
1726 22976512 22976512 1726 2.0
1727 22989824 22989824 1727 11.0
1728 23003136 23003136 1728 1.0
1729 23016448 23016448 1729 0.0
1730 23029760 23029760 1730 7.0
1731 23043072 23043072 1731 2.0
1732 23056384 23056384 1732 6.0
1733 23069696 23069696 1733 5.0
1734 23083008 23083008 1734 0.0
1735 23096320 23096320 1735 1.0
1736 23109632 23109632 1736 2.0
1737 23122944 23122944 1737 0.0
1738 23136256 23136256 1738 0.0
1739 23149568 23149568 1739 11.0
1740 23162880 23162880 1740 0.0
1741 23176192 23176192 1741 7.0
1742 23189504 23189504 1742 9.0
1743 23202816 23202816 1743 6.0
1744 23216128 23216128 1744 5.0
1745 23229440 23229440 1745 24.0
1746 23242752 23242752 1746 0.0
1747 23256064 23256064 1747 0.0
1748 23269376 23269376 1748 5.0
1749 23282688 23282688 1749 27.0
1750 23296000 23296000 1750 0.0
1751 23309312 23309312 1751 12.0
1752 23322624 23322624 1752 36.0
1753 23335936 23335936 1753 38.0
1754 23349248 23349248 1754 11.0
1755 23362560 23362560 1755 14.0
1756 23375872 23375872 1756 0.0
1757 23389184 23389184 1757 0.0
1758 23402496 23402496 1758 0.0
1759 23415808 23415808 1759 25.0
1760 23429120 23429120 1760 0.0
1761 23442432 23442432 1761 17.0
1762 23455744 23455744 1762 0.0
1763 23469056 23469056 1763 28.0
1764 23482368 23482368 1764 2.0
1765 23495680 23495680 1765 6.0
1766 23508992 23508992 1766 0.0
1767 23522304 23522304 1767 18.0
1768 23535616 23535616 1768 0.0
1769 23548928 23548928 1769 4.0
1770 23562240 23562240 1770 29.0
1771 23575552 23575552 1771 6.0
1772 23588864 23588864 1772 0.0
1773 23602176 23602176 1773 5.0
1774 23615488 23615488 1774 8.0
1775 23628800 23628800 1775 0.0
1776 23642112 23642112 1776 0.0
1777 23655424 23655424 1777 0.0
1778 23668736 23668736 1778 1.0
1779 23682048 23682048 1779 9.0
1780 23695360 23695360 1780 0.0
1781 23708672 23708672 1781 0.0
1782 23721984 23721984 1782 0.0
1783 23735296 23735296 1783 0.0
1784 23748608 23748608 1784 14.0
1785 23761920 23761920 1785 23.0
1786 23775232 23775232 1786 22.0
1787 23788544 23788544 1787 33.0
1788 23801856 23801856 1788 0.0
1789 23815168 23815168 1789 0.0
1790 23828480 23828480 1790 8.0
1791 23841792 23841792 1791 27.0
1792 23855104 23855104 1792 0.0
1793 23868416 23868416 1793 10.0
1794 23881728 23881728 1794 17.0
1795 23895040 23895040 1795 0.0
1796 23908352 23908352 1796 11.0
1797 23921664 23921664 1797 0.0
1798 23934976 23934976 1798 7.0
1799 23948288 23948288 1799 1.0
1800 23961600 23961600 1800 5.0
1801 23974912 23974912 1801 0.0
1802 23988224 23988224 1802 0.0
1803 24001536 24001536 1803 1.0
1804 24014848 24014848 1804 13.0
1805 24028160 24028160 1805 0.0
1806 24041472 24041472 1806 0.0
1807 24054784 24054784 1807 4.0
1808 24068096 24068096 1808 5.0
1809 24081408 24081408 1809 17.0
1810 24094720 24094720 1810 30.0
1811 24108032 24108032 1811 0.0
1812 24121344 24121344 1812 3.0
1813 24134656 24134656 1813 31.0
1814 24147968 24147968 1814 0.0
1815 24161280 24161280 1815 0.0
1816 24174592 24174592 1816 0.0
1817 24187904 24187904 1817 4.0
1818 24201216 24201216 1818 14.0
1819 24214528 24214528 1819 12.0
1820 24227840 24227840 1820 1.0
1821 24241152 24241152 1821 22.0
1822 24254464 24254464 1822 7.0
1823 24267776 24267776 1823 0.0
1824 24281088 24281088 1824 4.0
1825 24294400 24294400 1825 0.0
1826 24307712 24307712 1826 0.0
1827 24321024 24321024 1827 3.0
1828 24334336 24334336 1828 0.0
1829 24347648 24347648 1829 0.0
1830 24360960 24360960 1830 16.0
1831 24374272 24374272 1831 0.0
1832 24387584 24387584 1832 0.0
1833 24400896 24400896 1833 0.0
1834 24414208 24414208 1834 2.0
1835 24427520 24427520 1835 24.0
1836 24440832 24440832 1836 1.0
1837 24454144 24454144 1837 42.0
1838 24467456 24467456 1838 30.0
1839 24480768 24480768 1839 20.0
1840 24494080 24494080 1840 3.0
1841 24507392 24507392 1841 1.0
1842 24520704 24520704 1842 13.0
1843 24534016 24534016 1843 22.0
1844 24547328 24547328 1844 0.0
1845 24560640 24560640 1845 1.0
1846 24573952 24573952 1846 1.0
1847 24587264 24587264 1847 1.0
1848 24600576 24600576 1848 0.0
1849 24613888 24613888 1849 0.0
1850 24627200 24627200 1850 0.0
1851 24640512 24640512 1851 8.0
1852 24653824 24653824 1852 1.0
1853 24667136 24667136 1853 5.0
1854 24680448 24680448 1854 0.0
1855 24693760 24693760 1855 0.0
1856 24707072 24707072 1856 34.0
1857 24720384 24720384 1857 31.0
1858 24733696 24733696 1858 30.0
1859 24747008 24747008 1859 20.0
1860 24760320 24760320 1860 5.0
1861 24773632 24773632 1861 0.0
1862 24786944 24786944 1862 1.0
1863 24800256 24800256 1863 1.0
1864 24813568 24813568 1864 0.0
1865 24826880 24826880 1865 0.0
1866 24840192 24840192 1866 17.0
1867 24853504 24853504 1867 0.0
1868 24866816 24866816 1868 5.0
1869 24880128 24880128 1869 13.0
1870 24893440 24893440 1870 0.0
1871 24906752 24906752 1871 0.0
1872 24920064 24920064 1872 0.0
1873 24933376 24933376 1873 33.0
1874 24946688 24946688 1874 25.0
1875 24960000 24960000 1875 11.0
1876 24973312 24973312 1876 31.0
1877 24986624 24986624 1877 2.0
1878 24999936 24999936 1878 0.0
1879 25013248 25013248 1879 19.0
1880 25026560 25026560 1880 5.0
1881 25039872 25039872 1881 3.0
1882 25053184 25053184 1882 4.0
1883 25066496 25066496 1883 0.0
1884 25079808 25079808 1884 28.0
1885 25093120 25093120 1885 4.0
1886 25106432 25106432 1886 6.0
1887 25119744 25119744 1887 5.0
1888 25133056 25133056 1888 6.0
1889 25146368 25146368 1889 32.0
1890 25159680 25159680 1890 15.0
1891 25172992 25172992 1891 5.0
1892 25186304 25186304 1892 7.0
1893 25199616 25199616 1893 9.0
1894 25212928 25212928 1894 0.0
1895 25226240 25226240 1895 0.0
1896 25239552 25239552 1896 3.0
1897 25252864 25252864 1897 2.0
1898 25266176 25266176 1898 6.0
1899 25279488 25279488 1899 7.0
1900 25292800 25292800 1900 0.0
1901 25306112 25306112 1901 3.0
1902 25319424 25319424 1902 5.0
1903 25332736 25332736 1903 0.0
1904 25346048 25346048 1904 0.0
1905 25359360 25359360 1905 6.0
1906 25372672 25372672 1906 0.0
1907 25385984 25385984 1907 4.0
1908 25399296 25399296 1908 0.0
1909 25412608 25412608 1909 0.0
1910 25425920 25425920 1910 28.0
1911 25439232 25439232 1911 25.0
1912 25452544 25452544 1912 0.0
1913 25465856 25465856 1913 10.0
1914 25479168 25479168 1914 3.0
1915 25492480 25492480 1915 0.0
1916 25505792 25505792 1916 27.0
1917 25519104 25519104 1917 0.0
1918 25532416 25532416 1918 3.0
1919 25545728 25545728 1919 0.0
1920 25559040 25559040 1920 7.0
1921 25572352 25572352 1921 45.0
1922 25585664 25585664 1922 0.0
1923 25598976 25598976 1923 1.0
1924 25612288 25612288 1924 44.0
1925 25625600 25625600 1925 13.0
1926 25638912 25638912 1926 0.0
1927 25652224 25652224 1927 0.0
1928 25665536 25665536 1928 28.0
1929 25678848 25678848 1929 2.0
1930 25692160 25692160 1930 8.0
1931 25705472 25705472 1931 0.0
1932 25718784 25718784 1932 26.0
1933 25732096 25732096 1933 25.0
1934 25745408 25745408 1934 30.0
1935 25758720 25758720 1935 33.0
1936 25772032 25772032 1936 8.0
1937 25785344 25785344 1937 3.0
1938 25798656 25798656 1938 21.0
1939 25811968 25811968 1939 15.0
1940 25825280 25825280 1940 0.0
1941 25838592 25838592 1941 14.0
1942 25851904 25851904 1942 10.0
1943 25865216 25865216 1943 0.0
1944 25878528 25878528 1944 0.0
1945 25891840 25891840 1945 2.0
1946 25905152 25905152 1946 0.0
1947 25918464 25918464 1947 0.0
1948 25931776 25931776 1948 17.0
1949 25945088 25945088 1949 0.0
1950 25958400 25958400 1950 24.0
1951 25971712 25971712 1951 0.0
1952 25985024 25985024 1952 6.0
1953 25998336 25998336 1953 14.0
1954 26011648 26011648 1954 15.0
1955 26024960 26024960 1955 2.0
1956 26038272 26038272 1956 2.0
1957 26051584 26051584 1957 12.0
1958 26064896 26064896 1958 5.0
1959 26078208 26078208 1959 7.0
1960 26091520 26091520 1960 15.0
1961 26104832 26104832 1961 16.0
1962 26118144 26118144 1962 12.0
1963 26131456 26131456 1963 9.0
1964 26144768 26144768 1964 5.0
1965 26158080 26158080 1965 30.0
1966 26171392 26171392 1966 27.0
1967 26184704 26184704 1967 0.0
1968 26198016 26198016 1968 1.0
1969 26211328 26211328 1969 1.0
1970 26224640 26224640 1970 4.0
1971 26237952 26237952 1971 8.0
1972 26251264 26251264 1972 1.0
1973 26264576 26264576 1973 36.0
1974 26277888 26277888 1974 2.0
1975 26291200 26291200 1975 2.0
1976 26304512 26304512 1976 15.0
1977 26317824 26317824 1977 0.0
1978 26331136 26331136 1978 0.0
1979 26344448 26344448 1979 5.0
1980 26357760 26357760 1980 26.0
1981 26371072 26371072 1981 0.0
1982 26384384 26384384 1982 26.0
1983 26397696 26397696 1983 0.0
1984 26411008 26411008 1984 23.0
1985 26424320 26424320 1985 23.0
1986 26437632 26437632 1986 12.0
1987 26450944 26450944 1987 0.0
1988 26464256 26464256 1988 15.0
1989 26477568 26477568 1989 8.0
1990 26490880 26490880 1990 1.0
1991 26504192 26504192 1991 0.0
1992 26517504 26517504 1992 0.0
1993 26530816 26530816 1993 0.0
1994 26544128 26544128 1994 0.0
1995 26557440 26557440 1995 4.0
1996 26570752 26570752 1996 13.0
1997 26584064 26584064 1997 24.0
1998 26597376 26597376 1998 9.0
1999 26610688 26610688 1999 0.0
2000 26624000 26624000 2000 2.0
2001 26637312 26637312 2001 25.0
2002 26650624 26650624 2002 0.0
2003 26663936 26663936 2003 3.0
2004 26677248 26677248 2004 5.0
2005 26690560 26690560 2005 0.0
2006 26703872 26703872 2006 0.0
2007 26717184 26717184 2007 6.0
2008 26730496 26730496 2008 2.0
2009 26743808 26743808 2009 35.0
2010 26757120 26757120 2010 1.0
2011 26770432 26770432 2011 20.0
2012 26783744 26783744 2012 25.0
2013 26797056 26797056 2013 15.0
2014 26810368 26810368 2014 3.0
2015 26823680 26823680 2015 1.0
2016 26836992 26836992 2016 22.0
2017 26850304 26850304 2017 16.0
2018 26863616 26863616 2018 26.0
2019 26876928 26876928 2019 23.0
2020 26890240 26890240 2020 0.0
2021 26903552 26903552 2021 17.0
2022 26916864 26916864 2022 34.0
2023 26930176 26930176 2023 13.0
2024 26943488 26943488 2024 0.0
2025 26956800 26956800 2025 0.0
2026 26970112 26970112 2026 14.0
2027 26983424 26983424 2027 1.0
2028 26996736 26996736 2028 27.0
2029 27010048 27010048 2029 0.0
2030 27023360 27023360 2030 0.0
2031 27036672 27036672 2031 0.0
2032 27049984 27049984 2032 10.0
2033 27063296 27063296 2033 14.0
2034 27076608 27076608 2034 12.0
2035 27089920 27089920 2035 26.0
2036 27103232 27103232 2036 32.0
2037 27116544 27116544 2037 0.0
2038 27129856 27129856 2038 9.0
2039 27143168 27143168 2039 42.0
2040 27156480 27156480 2040 5.0
2041 27169792 27169792 2041 26.0
2042 27183104 27183104 2042 0.0
2043 27196416 27196416 2043 21.0
2044 27209728 27209728 2044 5.0
2045 27223040 27223040 2045 9.0
2046 27236352 27236352 2046 4.0
2047 27249664 27249664 2047 27.0
2048 27262976 27262976 2048 20.0
2049 27276288 27276288 2049 12.0
2050 27289600 27289600 2050 39.0
2051 27302912 27302912 2051 28.0
2052 27316224 27316224 2052 20.0
2053 27329536 27329536 2053 38.0
2054 27342848 27342848 2054 5.0
2055 27356160 27356160 2055 2.0
2056 27369472 27369472 2056 9.0
2057 27382784 27382784 2057 28.0
2058 27396096 27396096 2058 21.0
2059 27409408 27409408 2059 26.0
2060 27422720 27422720 2060 0.0
2061 27436032 27436032 2061 9.0
2062 27449344 27449344 2062 0.0
2063 27462656 27462656 2063 12.0
2064 27475968 27475968 2064 45.0
2065 27489280 27489280 2065 0.0
2066 27502592 27502592 2066 13.0
2067 27515904 27515904 2067 8.0
2068 27529216 27529216 2068 31.0
2069 27542528 27542528 2069 33.0
2070 27555840 27555840 2070 0.0
2071 27569152 27569152 2071 7.0
2072 27582464 27582464 2072 5.0
2073 27595776 27595776 2073 0.0
2074 27609088 27609088 2074 0.0
2075 27622400 27622400 2075 0.0
2076 27635712 27635712 2076 3.0
2077 27649024 27649024 2077 12.0
2078 27662336 27662336 2078 0.0
2079 27675648 27675648 2079 28.0
2080 27688960 27688960 2080 0.0
2081 27702272 27702272 2081 1.0
2082 27715584 27715584 2082 14.0
2083 27728896 27728896 2083 0.0
2084 27742208 27742208 2084 0.0
2085 27755520 27755520 2085 0.0
2086 27768832 27768832 2086 25.0
2087 27782144 27782144 2087 0.0
2088 27795456 27795456 2088 7.0
2089 27808768 27808768 2089 9.0
2090 27822080 27822080 2090 24.0
2091 27835392 27835392 2091 0.0
2092 27848704 27848704 2092 11.0
2093 27862016 27862016 2093 12.0
2094 27875328 27875328 2094 36.0
2095 27888640 27888640 2095 2.0
2096 27901952 27901952 2096 3.0
2097 27915264 27915264 2097 30.0
2098 27928576 27928576 2098 2.0
2099 27941888 27941888 2099 8.0
2100 27955200 27955200 2100 1.0
2101 27968512 27968512 2101 5.0
2102 27981824 27981824 2102 29.0
2103 27995136 27995136 2103 29.0
2104 28008448 28008448 2104 0.0
2105 28021760 28021760 2105 7.0
2106 28035072 28035072 2106 0.0
2107 28048384 28048384 2107 3.0
2108 28061696 28061696 2108 40.0
2109 28075008 28075008 2109 17.0
2110 28088320 28088320 2110 10.0
2111 28101632 28101632 2111 0.0
2112 28114944 28114944 2112 4.0
2113 28128256 28128256 2113 1.0
2114 28141568 28141568 2114 6.0
2115 28154880 28154880 2115 0.0
2116 28168192 28168192 2116 0.0
2117 28181504 28181504 2117 11.0
2118 28194816 28194816 2118 19.0
2119 28208128 28208128 2119 0.0
2120 28221440 28221440 2120 0.0
2121 28234752 28234752 2121 0.0
2122 28248064 28248064 2122 12.0
2123 28261376 28261376 2123 0.0
2124 28274688 28274688 2124 26.0
2125 28288000 28288000 2125 17.0
2126 28301312 28301312 2126 2.0
2127 28314624 28314624 2127 18.0
2128 28327936 28327936 2128 0.0
2129 28341248 28341248 2129 0.0
2130 28354560 28354560 2130 3.0
2131 28367872 28367872 2131 1.0
2132 28381184 28381184 2132 1.0
2133 28394496 28394496 2133 33.0
2134 28407808 28407808 2134 0.0
2135 28421120 28421120 2135 3.0
2136 28434432 28434432 2136 4.0
2137 28447744 28447744 2137 6.0
2138 28461056 28461056 2138 0.0
2139 28474368 28474368 2139 7.0
2140 28487680 28487680 2140 11.0
2141 28500992 28500992 2141 4.0
2142 28514304 28514304 2142 0.0
2143 28527616 28527616 2143 1.0
2144 28540928 28540928 2144 7.0
2145 28554240 28554240 2145 4.0
2146 28567552 28567552 2146 0.0
2147 28580864 28580864 2147 0.0
2148 28594176 28594176 2148 16.0
2149 28607488 28607488 2149 27.0
2150 28620800 28620800 2150 7.0
2151 28634112 28634112 2151 0.0
2152 28647424 28647424 2152 1.0
2153 28660736 28660736 2153 0.0
2154 28674048 28674048 2154 20.0
2155 28687360 28687360 2155 36.0
2156 28700672 28700672 2156 6.0
2157 28713984 28713984 2157 0.0
2158 28727296 28727296 2158 0.0
2159 28740608 28740608 2159 0.0
2160 28753920 28753920 2160 8.0
2161 28767232 28767232 2161 37.0
2162 28780544 28780544 2162 0.0
2163 28793856 28793856 2163 32.0
2164 28807168 28807168 2164 0.0
2165 28820480 28820480 2165 46.0
2166 28833792 28833792 2166 5.0
2167 28847104 28847104 2167 17.0
2168 28860416 28860416 2168 9.0
2169 28873728 28873728 2169 4.0
2170 28887040 28887040 2170 7.0
2171 28900352 28900352 2171 31.0
2172 28913664 28913664 2172 0.0
2173 28926976 28926976 2173 0.0
2174 28940288 28940288 2174 15.0
2175 28953600 28953600 2175 18.0
2176 28966912 28966912 2176 3.0
2177 28980224 28980224 2177 0.0
2178 28993536 28993536 2178 13.0
2179 29006848 29006848 2179 2.0
2180 29020160 29020160 2180 21.0
2181 29033472 29033472 2181 14.0
2182 29046784 29046784 2182 11.0
2183 29060096 29060096 2183 45.0
2184 29073408 29073408 2184 16.0
2185 29086720 29086720 2185 51.0
2186 29100032 29100032 2186 2.0
2187 29113344 29113344 2187 21.0
2188 29126656 29126656 2188 0.0
2189 29139968 29139968 2189 17.0
2190 29153280 29153280 2190 17.0
2191 29166592 29166592 2191 0.0
2192 29179904 29179904 2192 0.0
2193 29193216 29193216 2193 0.0
2194 29206528 29206528 2194 2.0
2195 29219840 29219840 2195 0.0
2196 29233152 29233152 2196 4.0
2197 29246464 29246464 2197 0.0
2198 29259776 29259776 2198 1.0
2199 29273088 29273088 2199 0.0
2200 29286400 29286400 2200 0.0
2201 29299712 29299712 2201 13.0
2202 29313024 29313024 2202 29.0
2203 29326336 29326336 2203 1.0
2204 29339648 29339648 2204 15.0
2205 29352960 29352960 2205 0.0
2206 29366272 29366272 2206 8.0
2207 29379584 29379584 2207 0.0
2208 29392896 29392896 2208 8.0
2209 29406208 29406208 2209 0.0
2210 29419520 29419520 2210 0.0
2211 29432832 29432832 2211 43.0
2212 29446144 29446144 2212 1.0
2213 29459456 29459456 2213 0.0
2214 29472768 29472768 2214 0.0
2215 29486080 29486080 2215 20.0
2216 29499392 29499392 2216 7.0
2217 29512704 29512704 2217 6.0
2218 29526016 29526016 2218 0.0
2219 29539328 29539328 2219 4.0
2220 29552640 29552640 2220 8.0
2221 29565952 29565952 2221 9.0
2222 29579264 29579264 2222 29.0
2223 29592576 29592576 2223 0.0
2224 29605888 29605888 2224 0.0
2225 29619200 29619200 2225 19.0
2226 29632512 29632512 2226 8.0
2227 29645824 29645824 2227 6.0
2228 29659136 29659136 2228 0.0
2229 29672448 29672448 2229 0.0
2230 29685760 29685760 2230 0.0
2231 29699072 29699072 2231 4.0
2232 29712384 29712384 2232 26.0
2233 29725696 29725696 2233 1.0
2234 29739008 29739008 2234 40.0
2235 29752320 29752320 2235 8.0
2236 29765632 29765632 2236 10.0
2237 29778944 29778944 2237 11.0
2238 29792256 29792256 2238 0.0
2239 29805568 29805568 2239 13.0
2240 29818880 29818880 2240 6.0
2241 29832192 29832192 2241 0.0
2242 29845504 29845504 2242 25.0
2243 29858816 29858816 2243 4.0
2244 29872128 29872128 2244 0.0
2245 29885440 29885440 2245 0.0
2246 29898752 29898752 2246 8.0
2247 29912064 29912064 2247 0.0
2248 29925376 29925376 2248 7.0
2249 29938688 29938688 2249 13.0
2250 29952000 29952000 2250 29.0
2251 29965312 29965312 2251 4.0
2252 29978624 29978624 2252 11.0
2253 29991936 29991936 2253 16.0
2254 30005248 30005248 2254 5.0
2255 30018560 30018560 2255 3.0
2256 30031872 30031872 2256 0.0
2257 30045184 30045184 2257 30.0
2258 30058496 30058496 2258 0.0
2259 30071808 30071808 2259 0.0
2260 30085120 30085120 2260 0.0
2261 30098432 30098432 2261 0.0
2262 30111744 30111744 2262 3.0
2263 30125056 30125056 2263 6.0
2264 30138368 30138368 2264 19.0
2265 30151680 30151680 2265 0.0
2266 30164992 30164992 2266 29.0
2267 30178304 30178304 2267 9.0
2268 30191616 30191616 2268 18.0
2269 30204928 30204928 2269 6.0
2270 30218240 30218240 2270 5.0
2271 30231552 30231552 2271 1.0
2272 30244864 30244864 2272 7.0
2273 30258176 30258176 2273 27.0
2274 30271488 30271488 2274 28.0
2275 30284800 30284800 2275 34.0
2276 30298112 30298112 2276 13.0
2277 30311424 30311424 2277 28.0
2278 30324736 30324736 2278 3.0
2279 30338048 30338048 2279 1.0
2280 30351360 30351360 2280 8.0
2281 30364672 30364672 2281 5.0
2282 30377984 30377984 2282 0.0
2283 30391296 30391296 2283 0.0
2284 30404608 30404608 2284 22.0
2285 30417920 30417920 2285 6.0
2286 30431232 30431232 2286 4.0
2287 30444544 30444544 2287 0.0
2288 30457856 30457856 2288 27.0
2289 30471168 30471168 2289 19.0
2290 30484480 30484480 2290 35.0
2291 30497792 30497792 2291 5.0
2292 30511104 30511104 2292 0.0
2293 30524416 30524416 2293 1.0
2294 30537728 30537728 2294 8.0
2295 30551040 30551040 2295 43.0
2296 30564352 30564352 2296 0.0
2297 30577664 30577664 2297 30.0
2298 30590976 30590976 2298 1.0
2299 30604288 30604288 2299 2.0
2300 30617600 30617600 2300 17.0
2301 30630912 30630912 2301 1.0
2302 30644224 30644224 2302 7.0
2303 30657536 30657536 2303 8.0
2304 30670848 30670848 2304 0.0
2305 30684160 30684160 2305 3.0
2306 30697472 30697472 2306 0.0
2307 30710784 30710784 2307 16.0
2308 30724096 30724096 2308 12.0
2309 30737408 30737408 2309 5.0
2310 30750720 30750720 2310 13.0
2311 30764032 30764032 2311 11.0
2312 30777344 30777344 2312 30.0
2313 30790656 30790656 2313 3.0
2314 30803968 30803968 2314 0.0
2315 30817280 30817280 2315 0.0
2316 30830592 30830592 2316 0.0
2317 30843904 30843904 2317 3.0
2318 30857216 30857216 2318 36.0
2319 30870528 30870528 2319 26.0
2320 30883840 30883840 2320 13.0
2321 30897152 30897152 2321 0.0
2322 30910464 30910464 2322 0.0
2323 30923776 30923776 2323 6.0
2324 30937088 30937088 2324 3.0
2325 30950400 30950400 2325 27.0
2326 30963712 30963712 2326 37.0
2327 30977024 30977024 2327 12.0
2328 30990336 30990336 2328 19.0
2329 31003648 31003648 2329 20.0
2330 31016960 31016960 2330 41.0
2331 31030272 31030272 2331 21.0
2332 31043584 31043584 2332 0.0
2333 31056896 31056896 2333 0.0
2334 31070208 31070208 2334 5.0
2335 31083520 31083520 2335 0.0
2336 31096832 31096832 2336 0.0
2337 31110144 31110144 2337 0.0
2338 31123456 31123456 2338 3.0
2339 31136768 31136768 2339 0.0
2340 31150080 31150080 2340 10.0
2341 31163392 31163392 2341 30.0
2342 31176704 31176704 2342 9.0
2343 31190016 31190016 2343 35.0
2344 31203328 31203328 2344 0.0
2345 31216640 31216640 2345 0.0
2346 31229952 31229952 2346 0.0
2347 31243264 31243264 2347 1.0
2348 31256576 31256576 2348 2.0
2349 31269888 31269888 2349 0.0
2350 31283200 31283200 2350 16.0
2351 31296512 31296512 2351 39.0
2352 31309824 31309824 2352 11.0
2353 31323136 31323136 2353 36.0
2354 31336448 31336448 2354 0.0
2355 31349760 31349760 2355 0.0
2356 31363072 31363072 2356 1.0
2357 31376384 31376384 2357 4.0
2358 31389696 31389696 2358 43.0
2359 31403008 31403008 2359 38.0
2360 31416320 31416320 2360 4.0
2361 31429632 31429632 2361 2.0
2362 31442944 31442944 2362 5.0
2363 31456256 31456256 2363 5.0
2364 31469568 31469568 2364 19.0
2365 31482880 31482880 2365 13.0
2366 31496192 31496192 2366 46.0
2367 31509504 31509504 2367 7.0
2368 31522816 31522816 2368 26.0
2369 31536128 31536128 2369 0.0
2370 31549440 31549440 2370 0.0
2371 31562752 31562752 2371 11.0
2372 31576064 31576064 2372 25.0
2373 31589376 31589376 2373 0.0
2374 31602688 31602688 2374 36.0
2375 31616000 31616000 2375 0.0
2376 31629312 31629312 2376 2.0
2377 31642624 31642624 2377 0.0
2378 31655936 31655936 2378 0.0
2379 31669248 31669248 2379 0.0
2380 31682560 31682560 2380 8.0
2381 31695872 31695872 2381 26.0
2382 31709184 31709184 2382 19.0
2383 31722496 31722496 2383 3.0
2384 31735808 31735808 2384 0.0
2385 31749120 31749120 2385 4.0
2386 31762432 31762432 2386 53.0
2387 31775744 31775744 2387 6.0
2388 31789056 31789056 2388 24.0
2389 31802368 31802368 2389 6.0
2390 31815680 31815680 2390 4.0
2391 31828992 31828992 2391 3.0
2392 31842304 31842304 2392 2.0
2393 31855616 31855616 2393 16.0
2394 31868928 31868928 2394 0.0
2395 31882240 31882240 2395 11.0
2396 31895552 31895552 2396 3.0
2397 31908864 31908864 2397 0.0
2398 31922176 31922176 2398 6.0
